2-1
00
2-1
2-1
2-1
2-1
2-1
2-1
11
11
11
11
11
11
11
11
11
11
11
11
11
11
11
11
11
11
11
11
11
11
11
11
11
11
11
11
11
11
11
11
11
11
11
11
11
11
11
11
11
11
10
01
21
2-1
10
0-1
10
1-1
01
10
01
20
20
10
00
10
01
0-1
2-1
2-1
0-1
10
20
21
11
21
20
20
21
00
11
10
20
10
11
10
1-1
2-1
2-1
10
01
0-1
10
00
11
21
01
21
10
1-1
01
2-1
2-1
10
21
1-1
1-1
11
11
10
01
21
10
00
00
21
0-1
20
00
10
0-1
00
11
11
2-1
2-1
2-1
11
11
11
11
00
11
11
11
00
00
00
11
11
11
11
10
10
1-1
20
20
0-1
21
10
01
21
21
2-1
10
01
11
21
1-1
01
10
21
20
21
2-1
10
01
10
2-1
10
1-1
20
21
11
20
0-1
2-1
10
01
21
2-1
21
20
21
2-1
21
01
21
2-1
21
01
21
11
21
20
21
11
20
21
01
20
0-1
1-1
21
01
21
1-1
2-1
10
00
10
01
21
20
21
11
0-1
21
21
0-1
10
21
0-1
0-1
10
21
20
20
20
20
1-1
01
20
0-1
10
01
2-1
20
00
20
2-1
20
00
21
00
01
11
