1  1177.64005587  0.1
2  1177.64033559  0.1
3  1177.67732296  0.1
4  1177.64255632  0.1
5  1177.64255632  0.1
6  1177.64255802  0.09
7  1177.64019488  0.09
8  1177.64269703  0.09
9  1177.64031971  0.09
10  1177.6399454  0.09
11  1177.64294651  0.09
12  1177.64019488  0.081
13  1177.64031999  0.081
14  1177.64324663  0.081
15  1177.63965009  0.081
16  1177.64302231  0.081
17  1177.64279646  0.081
18  1177.6414772  0.0729
19  1177.63982536  0.0729
20  1177.63983056  0.0729
21  1177.64266141  0.0729
22  1177.64306136  0.0729
23  1177.64306655  0.0729
24  1177.64306158  0.06561
25  1177.63962277  0.06561
26  1177.63999131  0.06561
27  1177.64326914  0.06561
28  1177.64290024  0.06561
29  1177.64326913  0.06561
30  1177.64290001  0.059049
31  1177.64275499  0.059049
32  1177.64013686  0.059049
33  1177.64142316  0.059049
34  1177.53522947  0.059049
35  1177.5340447  0.059049
36  1177.53428967  0.059049
37  1177.53543841  0.059049
38  1177.5340447  0.059049
39  1177.53462913  0.059049
40  1177.53716302  0.059049
41  1177.53712289  0.059049
42  1177.1198734  0.059049
43  1177.12190122  0.059049
44  1177.12121152  0.059049
45  1177.11920411  0.059049
46  1177.12159366  0.059049
47  1177.12175937  0.059049
48  1177.12157989  0.059049
49  1177.12177188  0.059049
50  1177.12158053  0.059049
51  1177.12117911  0.059049
52  1177.12164882  0.059049
53  1177.12177166  0.059049
54  1177.13960074  0.0531441
55  1177.12151046  0.0531441
56  1177.10275889  0.0531441
57  1177.12145967  0.0531441
58  1177.1185931  0.0531441
59  1177.11914763  0.0531441
60  1177.12112293  0.04782969
61  1177.12119618  0.04782969
62  1177.12119354  0.04782969
63  1177.1215643  0.04782969
64  1177.11890485  0.04782969
65  1177.11858644  0.04782969
66  1177.11895077  0.043046721
67  1177.11888577  0.043046721
68  1177.11899992  0.043046721
69  1177.11906501  0.043046721
70  1177.11888913  0.043046721
71  1177.12165147  0.043046721
72  1177.12138815  0.0387420489
73  1177.12160675  0.0387420489
74  1176.6787857  0.0387420489
75  1176.67740758  0.0387420489
76  1176.67996004  0.0387420489
77  1176.6771095  0.0387420489
78  1176.70837282  0.0387420489
79  1176.67947788  0.0387420489
80  1176.67984641  0.0387420489
81  1176.20272852  0.0387420489
82  1176.20098276  0.0387420489
83  1176.09983597  0.0387420489
84  1176.09908119  0.0387420489
85  1176.10125372  0.0387420489
86  1176.02084076  0.0387420489
87  1175.62298809  0.0387420489
88  1175.62196116  0.0387420489
89  1175.62443342  0.0387420489
90  1175.5408312  0.0387420489
91  1175.40465785  0.0387420489
92  1175.28605104  0.0387420489
93  1175.28488932  0.0387420489
94  1175.28538249  0.0387420489
95  1175.28530683  0.0387420489
96  1175.28737492  0.0387420489
97  1175.28491506  0.0387420489
98  1175.28817312  0.0387420489
99  1175.28780075  0.0387420489
100  1175.2852649  0.0387420489
101  1175.28514575  0.0387420489
102  1175.28777974  0.0387420489
103  1175.28514198  0.0387420489
104  1175.28736636  0.0387420489
105  1175.28506649  0.0387420489
106  1175.28521155  0.0387420489
107  1175.28766758  0.0387420489
108  1175.28539056  0.0387420489
109  1175.28822721  0.0387420489
110  1175.28767616  0.0387420489
111  1175.28751099  0.0387420489
112  1175.09205893  0.0387420489
113  1175.09133985  0.0387420489
114  1175.09390104  0.0387420489
115  1175.09135283  0.0387420489
116  1175.09374219  0.0387420489
117  1175.09346288  0.0387420489
118  1175.09116354  0.0387420489
119  1175.09092612  0.0387420489
120  1175.09124723  0.0387420489
121  1175.09088498  0.0387420489
122  1175.08160252  0.0387420489
123  1175.09342538  0.0387420489
124  1175.09115359  0.0387420489
125  1175.09118619  0.0387420489
126  1175.09332636  0.0387420489
127  1175.09110131  0.0387420489
128  1175.09390004  0.0387420489
129  1175.09374219  0.0387420489
130  1175.09412986  0.0387420489
131  1175.09144794  0.0387420489
132  1175.09093296  0.0387420489
133  1175.09341936  0.0387420489
134  1175.0934965  0.0387420489
135  1175.09124724  0.0387420489
136  1175.10550631  0.0387420489
137  1175.09348986  0.0387420489
138  1175.0934965  0.0387420489
139  1175.09407874  0.0387420489
140  1175.10072488  0.0387420489
141  1175.09143258  0.0387420489
142  1175.09348332  0.0387420489
143  1175.09120599  0.0387420489
144  1175.09116427  0.0387420489
145  1175.09134344  0.0387420489
146  1175.09141985  0.0387420489
147  1175.09078691  0.0387420489
148  1175.09402644  0.0387420489
149  1175.09059914  0.0387420489
150  1175.09375031  0.0387420489
151  1175.09118725  0.0387420489
152  1175.09390084  0.0387420489
153  1175.0937399  0.0387420489
154  1175.09118725  0.0387420489
155  1175.09067863  0.0387420489
156  1175.08052751  0.0387420489
157  1175.02723234  0.0387420489
158  1175.09389903  0.0387420489
159  1175.09385331  0.0387420489
160  1175.09340914  0.0387420489
161  1175.09132963  0.0387420489
162  1175.09090034  0.0387420489
163  1175.09098676  0.0387420489
164  1175.09340913  0.0387420489
165  1175.09348982  0.0387420489
166  1175.09110877  0.0387420489
167  1175.09419837  0.0387420489
168  1175.09363054  0.03486784401
169  1175.09350127  0.03486784401
170  1175.09359579  0.03486784401
171  1175.09363658  0.03486784401
172  1175.09420959  0.03486784401
173  1175.09124993  0.03486784401
174  1174.8842057  0.03486784401
175  1174.88230754  0.03486784401
176  1174.88272381  0.03486784401
177  1174.8848558  0.03486784401
178  1174.88274931  0.03486784401
179  1174.87252376  0.03486784401
180  1174.88267302  0.031381059609
181  1174.88543396  0.031381059609
182  1174.88536879  0.031381059609
183  1174.8828887  0.031381059609
184  1174.88462476  0.031381059609
185  1174.88490952  0.031381059609
186  1174.88551188  0.0282429536481
187  1174.88295896  0.0282429536481
188  1174.88553579  0.0282429536481
189  1174.88344847  0.0282429536481
190  1174.88249032  0.0282429536481
191  1174.88261859  0.0282429536481
192  1174.88545678  0.0254186582833
193  1174.88453976  0.0254186582833
194  1174.88212446  0.0254186582833
195  1174.87737401  0.0254186582833
196  1174.88265768  0.0254186582833
197  1174.88287403  0.0254186582833
198  1174.88237904  0.022876792455
199  1174.75297467  0.022876792455
200  1174.75197862  0.022876792455
201  1174.75105637  0.022876792455
202  1174.75214308  0.022876792455
203  1174.75218547  0.022876792455
204  1174.74761587  0.022876792455
205  1174.75495326  0.022876792455
206  1174.75179805  0.022876792455
207  1174.72004004  0.022876792455
208  1174.72165504  0.022876792455
209  1174.71920096  0.022876792455
210  1174.72656403  0.022876792455
211  1174.72139908  0.022876792455
212  1174.71854814  0.022876792455
213  1174.71907986  0.022876792455
214  1174.64213097  0.022876792455
215  1174.64297329  0.022876792455
216  1174.64753733  0.022876792455
217  1174.64316637  0.022876792455
218  1174.64298906  0.022876792455
219  1174.64299264  0.022876792455
220  1174.64066525  0.022876792455
221  1174.64074322  0.022876792455
222  1174.63909451  0.022876792455
223  1174.64306208  0.022876792455
224  1174.64310498  0.022876792455
225  1174.64985532  0.022876792455
226  1174.64062758  0.022876792455
227  1174.64311994  0.022876792455
228  1174.64076375  0.022876792455
229  1174.64021675  0.022876792455
230  1174.64331077  0.022876792455
231  1174.64279408  0.022876792455
232  1174.64298906  0.022876792455
233  1174.64066628  0.022876792455
234  1174.64324821  0.0205891132095
235  1174.64071814  0.0205891132095
236  1174.51037231  0.0205891132095
237  1174.51178818  0.0205891132095
238  1174.51201033  0.0205891132095
239  1174.51209653  0.0205891132095
240  1174.50937968  0.0205891132095
241  1174.5122061  0.0205891132095
242  1174.50921821  0.0205891132095
243  1174.51563022  0.0205891132095
244  1174.50913661  0.0205891132095
245  1174.50964541  0.0205891132095
246  1174.51249483  0.0185302018885
247  1174.51735415  0.0185302018885
248  1174.51170494  0.0185302018885
249  1174.51332136  0.0185302018885
250  1174.50906027  0.0185302018885
251  1174.5098056  0.0185302018885
252  1174.51258049  0.0166771816997
253  1174.51246542  0.0166771816997
254  1174.51170002  0.0166771816997
255  1174.50870112  0.0166771816997
256  1174.51509418  0.0166771816997
257  1174.51191611  0.0166771816997
258  1174.5095822  0.0150094635297
259  1174.51245334  0.0150094635297
260  1174.51183882  0.0150094635297
261  1174.51246441  0.0150094635297
262  1174.50904545  0.0150094635297
263  1174.50907524  0.0150094635297
264  1174.51249604  0.0135085171767
265  1174.51170441  0.0135085171767
266  1174.51527151  0.0135085171767
267  1174.50923503  0.0135085171767
268  1174.5096904  0.0135085171767
269  1174.50621154  0.0135085171767
270  1174.50411541  0.0135085171767
271  1174.50277238  0.0135085171767
272  1174.50458381  0.0135085171767
273  1174.5044614  0.0135085171767
274  1174.50451009  0.0135085171767
275  1174.50451009  0.0135085171767
276  1174.50535254  0.0121576654591
277  1174.50735724  0.0121576654591
278  1174.50907978  0.0121576654591
279  1174.50459441  0.0121576654591
280  1174.50720714  0.0121576654591
281  1174.50451712  0.0121576654591
282  1174.50460728  0.0109418989132
283  1174.5042001  0.0109418989132
284  1174.50478863  0.0109418989132
285  1174.50479691  0.0109418989132
286  1174.50712145  0.0109418989132
287  1174.50921833  0.0109418989132
288  1174.50222457  0.00984770902184
289  1174.50828633  0.00984770902184
290  1174.50443317  0.00984770902184
291  1174.50636855  0.00984770902184
292  1174.48741814  0.00984770902184
293  1174.50696856  0.00984770902184
294  1174.50700934  0.00886293811965
295  1174.50761119  0.00886293811965
296  1174.54906344  0.00886293811965
297  1174.5047233  0.00886293811965
298  1174.50478123  0.00886293811965
299  1174.50690744  0.00886293811965
300  1174.50489248  0.00797664430769
301  1174.50719459  0.00797664430769
302  1174.50511481  0.00797664430769
303  1174.50916707  0.00797664430769
304  1174.50704014  0.00797664430769
305  1174.50497057  0.00797664430769
306  1174.57076586  0.00797664430769
307  1174.52246933  0.00797664430769
308  1174.52077742  0.00797664430769
309  1174.51047219  0.00797664430769
310  1174.5148261  0.00797664430769
311  1174.517152  0.00797664430769
312  1174.51427219  0.00797664430769
313  1174.51399587  0.00797664430769
314  1174.51504021  0.00797664430769
315  1174.51716566  0.00797664430769
316  1174.51728508  0.00797664430769
317  1174.51521428  0.00797664430769
318  1174.51811972  0.00797664430769
319  1174.49134814  0.00797664430769
320  1174.49233645  0.00797664430769
321  1174.49233647  0.00797664430769
322  1174.49256496  0.00797664430769
323  1174.49059174  0.00797664430769
324  1174.49142841  0.00797664430769
325  1174.49267202  0.00797664430769
326  1174.49203263  0.00797664430769
327  1174.48907604  0.00797664430769
328  1174.49202218  0.00797664430769
329  1174.49268363  0.00797664430769
330  1174.49203232  0.00797664430769
331  1174.49203262  0.00797664430769
332  1174.48927533  0.00797664430769
333  1174.49054787  0.00797664430769
334  1174.47125659  0.00797664430769
335  1174.46989765  0.00797664430769
336  1174.47255083  0.00797664430769
337  1174.46852468  0.00797664430769
338  1174.46965054  0.00797664430769
339  1174.48589964  0.00797664430769
340  1174.47199841  0.00797664430769
341  1174.47256394  0.00797664430769
342  1174.46979322  0.00797664430769
343  1174.46923497  0.00797664430769
344  1174.47199753  0.00797664430769
345  1174.47244103  0.00797664430769
346  1174.46931914  0.00797664430769
347  1174.47028411  0.00797664430769
348  1174.46858937  0.00797664430769
349  1174.46994817  0.00797664430769
350  1174.47035405  0.00797664430769
351  1174.4676702  0.00797664430769
352  1174.47001569  0.00797664430769
353  1174.46625452  0.00797664430769
354  1174.47113972  0.00797664430769
355  1174.47034618  0.00797664430769
356  1174.47232799  0.00797664430769
357  1174.46883209  0.00797664430769
358  1174.47023686  0.00797664430769
359  1174.47073872  0.00797664430769
360  1174.47054085  0.00797664430769
361  1174.46880912  0.00797664430769
362  1174.46945598  0.00797664430769
363  1174.46750234  0.00797664430769
364  1174.46748398  0.00797664430769
365  1174.4723252  0.00797664430769
366  1174.47012905  0.00797664430769
367  1174.46752482  0.00797664430769
368  1174.46733938  0.00797664430769
369  1174.4709078  0.00797664430769
370  1174.47046687  0.00797664430769
371  1174.4682676  0.00797664430769
372  1174.4682378  0.00717897987692
373  1174.46763418  0.00717897987692
374  1174.47072489  0.00717897987692
375  1174.46831182  0.00717897987692
376  1174.47039803  0.00717897987692
377  1174.46762512  0.00717897987692
378  1174.47071089  0.00646108188923
379  1174.47063106  0.00646108188923
380  1174.4701207  0.00646108188923
381  1174.46793892  0.00646108188923
382  1174.46795716  0.00646108188923
383  1174.47012294  0.00646108188923
384  1174.47057981  0.0058149737003
385  1174.4801186  0.0058149737003
386  1174.47058448  0.0058149737003
387  1174.47035539  0.0058149737003
388  1174.46884619  0.0058149737003
389  1174.46686308  0.0058149737003
390  1174.47075549  0.00523347633027
391  1174.46780211  0.00523347633027
392  1174.46805476  0.00523347633027
393  1174.45577576  0.00523347633027
394  1174.47030836  0.00523347633027
395  1174.47040608  0.00523347633027
396  1174.46816201  0.00471012869725
397  1174.46783778  0.00471012869725
398  1174.47016718  0.00471012869725
399  1174.46250603  0.00471012869725
400  1174.46071424  0.00471012869725
401  1174.46346292  0.00471012869725
402  1174.45851295  0.00471012869725
403  1174.45990574  0.00471012869725
404  1174.45778721  0.00471012869725
405  1174.45715695  0.00471012869725
406  1174.46670676  0.00471012869725
407  1174.4466486  0.00471012869725
408  1174.45990682  0.00471012869725
409  1174.45970593  0.00471012869725
410  1174.47111856  0.00471012869725
411  1174.473544  0.00471012869725
412  1174.47360286  0.00471012869725
413  1174.47130356  0.00471012869725
414  1174.47383116  0.00471012869725
415  1174.47438538  0.00471012869725
416  1174.47384831  0.00471012869725
417  1174.4738309  0.00471012869725
418  1174.47382991  0.00471012869725
419  1174.47677286  0.00471012869725
420  1174.47234974  0.00471012869725
421  1174.473603  0.00471012869725
422  1174.47360302  0.00471012869725
423  1174.47149685  0.00471012869725
424  1174.46060047  0.00471012869725
425  1174.45793022  0.00471012869725
426  1174.4567158  0.00471012869725
427  1174.45916071  0.00471012869725
428  1174.45663557  0.00471012869725
429  1174.46687226  0.00471012869725
430  1174.4631284  0.00471012869725
431  1174.46303334  0.00471012869725
432  1174.46538144  0.00471012869725
433  1174.46211066  0.00471012869725
434  1174.46538004  0.00471012869725
435  1174.46351197  0.00471012869725
436  1174.46503575  0.00471012869725
437  1174.46280391  0.00471012869725
438  1174.47258184  0.00471012869725
439  1174.4748766  0.00471012869725
440  1174.47242125  0.00471012869725
441  1174.46644102  0.00471012869725
442  1174.47244405  0.00471012869725
443  1174.46846546  0.00471012869725
444  1174.46728169  0.00471012869725
445  1174.46800136  0.00471012869725
446  1174.4682051  0.00471012869725
447  1174.46609571  0.00471012869725
448  1174.46564004  0.00471012869725
449  1174.45621949  0.00471012869725
450  1174.45707251  0.00471012869725
451  1174.45709259  0.00471012869725
452  1174.45465168  0.00471012869725
453  1174.45672147  0.00471012869725
454  1174.45474053  0.00471012869725
455  1174.45782092  0.00471012869725
456  1174.45763455  0.00471012869725
457  1174.45474194  0.00471012869725
458  1174.45407266  0.00471012869725
459  1174.4575215  0.00471012869725
460  1174.4466701  0.00471012869725
461  1174.4567519  0.00471012869725
462  1174.45433215  0.00471012869725
463  1174.45453003  0.00471012869725
464  1174.45474619  0.00471012869725
465  1174.45474271  0.00471012869725
466  1174.45474133  0.00471012869725
467  1174.45439959  0.00471012869725
468  1174.45449495  0.00471012869725
469  1174.45466265  0.00471012869725
470  1174.45706339  0.00471012869725
471  1174.45464551  0.00471012869725
472  1174.45748554  0.00471012869725
473  1174.44687058  0.00471012869725
474  1174.45698635  0.00471012869725
475  1174.45702816  0.00471012869725
476  1174.4245389  0.00471012869725
477  1174.46480239  0.00471012869725
478  1174.46738287  0.00471012869725
479  1174.46263018  0.00471012869725
480  1174.46086146  0.00471012869725
481  1174.46445391  0.00471012869725
482  1174.45529719  0.00471012869725
483  1174.46157013  0.00471012869725
484  1174.46165996  0.00471012869725
485  1174.46458992  0.00471012869725
486  1174.46158664  0.00471012869725
487  1174.46160925  0.00471012869725
488  1174.4648435  0.00471012869725
489  1174.4537599  0.00471012869725
490  1174.45473385  0.00471012869725
491  1174.45219343  0.00471012869725
492  1174.45251469  0.00471012869725
493  1174.46591278  0.00471012869725
494  1174.46902268  0.00471012869725
495  1174.46854777  0.00471012869725
496  1174.4631037  0.00471012869725
497  1174.46587261  0.00471012869725
498  1174.46626628  0.00471012869725
499  1174.46873617  0.00471012869725
500  1174.46626748  0.00471012869725
501  1174.46904613  0.00471012869725
502  1174.46633659  0.00471012869725
503  1174.46532822  0.00471012869725
504  1174.46599738  0.00471012869725
505  1174.46566223  0.00471012869725
506  1174.468522  0.00471012869725
507  1174.46838542  0.00471012869725
508  1174.46902065  0.00471012869725
509  1174.44466888  0.00471012869725
510  1174.46601246  0.00471012869725
511  1174.46839234  0.00471012869725
512  1174.46573253  0.00471012869725
513  1174.46379697  0.00471012869725
514  1174.47111017  0.00471012869725
515  1174.46239773  0.00471012869725
516  1174.46241866  0.00471012869725
517  1174.46167226  0.00471012869725
518  1174.4645557  0.00471012869725
519  1174.46511805  0.00471012869725
520  1174.46135967  0.00471012869725
521  1174.46474993  0.00471012869725
522  1174.46477728  0.00471012869725
523  1174.46176409  0.00471012869725
524  1174.46154189  0.00471012869725
525  1174.46430488  0.00471012869725
526  1174.46210197  0.00471012869725
527  1174.46322156  0.00471012869725
528  1174.46475172  0.00471012869725
529  1174.46229284  0.00471012869725
530  1174.46320794  0.00471012869725
531  1174.46191746  0.00471012869725
532  1174.46482614  0.00471012869725
533  1174.46435772  0.00471012869725
534  1174.4620854  0.00471012869725
535  1174.46465845  0.00471012869725
536  1174.46236465  0.00471012869725
537  1174.46216425  0.00471012869725
538  1174.46215824  0.00471012869725
539  1174.46351142  0.00471012869725
540  1174.4643763  0.00471012869725
541  1174.46463542  0.00471012869725
542  1174.46440892  0.00471012869725
543  1174.46232333  0.00471012869725
544  1174.46239952  0.00471012869725
545  1174.46751848  0.00471012869725
546  1174.46695942  0.00471012869725
547  1174.46717888  0.00471012869725
548  1174.46758274  0.00471012869725
549  1174.46878913  0.00471012869725
550  1174.46994344  0.00471012869725
551  1174.46765808  0.00471012869725
552  1174.46745171  0.00471012869725
553  1174.4703065  0.00471012869725
554  1174.46742783  0.00471012869725
555  1174.47023004  0.00471012869725
556  1174.46734118  0.00471012869725
557  1174.46989894  0.00471012869725
558  1174.46746769  0.00471012869725
559  1174.46982745  0.00471012869725
560  1174.46848878  0.00471012869725
561  1174.47032966  0.00471012869725
562  1174.4675937  0.00471012869725
563  1174.46989051  0.00471012869725
564  1174.46979428  0.00471012869725
565  1174.46143193  0.00471012869725
566  1174.48429933  0.00471012869725
567  1174.48437936  0.00471012869725
568  1174.48682188  0.00471012869725
569  1174.4876368  0.00471012869725
570  1174.49453886  0.00471012869725
571  1174.48659566  0.00471012869725
572  1174.48969933  0.00471012869725
573  1174.48460389  0.00471012869725
574  1174.48468492  0.00471012869725
575  1174.47545518  0.00471012869725
576  1174.47340519  0.00471012869725
577  1174.47558109  0.00471012869725
578  1174.47533394  0.00471012869725
579  1174.49702935  0.00471012869725
580  1174.47332238  0.00471012869725
581  1174.46208827  0.00471012869725
582  1174.46278553  0.00471012869725
583  1174.46054806  0.00471012869725
584  1174.45918408  0.00471012869725
585  1174.46189645  0.00471012869725
586  1174.45880008  0.00471012869725
587  1174.42879624  0.00471012869725
588  1174.45924051  0.00471012869725
589  1174.45926204  0.00471012869725
590  1174.46127338  0.00471012869725
591  1174.45206716  0.00471012869725
592  1174.46120891  0.00471012869725
593  1174.42097716  0.00471012869725
594  1174.45329283  0.00471012869725
595  1174.45255193  0.00471012869725
596  1174.45329728  0.00471012869725
597  1174.45403969  0.00471012869725
598  1174.45106205  0.00471012869725
599  1174.45130014  0.00471012869725
600  1174.45089155  0.00471012869725
601  1174.45074725  0.00471012869725
602  1174.45341585  0.00471012869725
603  1174.45066604  0.00471012869725
604  1174.45138394  0.00471012869725
605  1174.45102417  0.00471012869725
606  1174.45106407  0.00471012869725
607  1174.45175169  0.00471012869725
608  1174.42094987  0.00471012869725
609  1174.4529372  0.00471012869725
610  1174.4510961  0.00471012869725
611  1174.45339747  0.00471012869725
612  1174.44348326  0.00471012869725
613  1174.45891893  0.00471012869725
614  1174.45075018  0.00471012869725
615  1174.45362842  0.00471012869725
616  1174.45262159  0.00471012869725
617  1174.44806467  0.00471012869725
618  1174.45088788  0.00471012869725
619  1174.44348311  0.00471012869725
620  1174.45661433  0.00471012869725
621  1174.45365495  0.00471012869725
622  1174.4752022  0.00471012869725
623  1174.45329838  0.00471012869725
624  1174.45393272  0.00471012869725
625  1174.45371295  0.00471012869725
626  1174.45360338  0.00471012869725
627  1174.45332585  0.00471012869725
628  1174.45362279  0.00471012869725
629  1174.45760734  0.00471012869725
630  1174.45978027  0.00471012869725
631  1174.45740158  0.00471012869725
632  1174.45225046  0.00471012869725
633  1174.45038675  0.00471012869725
634  1174.45330546  0.00471012869725
635  1174.45308069  0.00471012869725
636  1174.44775645  0.00471012869725
637  1174.43147594  0.00471012869725
638  1174.45033133  0.00471012869725
639  1174.45074126  0.00471012869725
640  1174.45032215  0.00471012869725
641  1174.45095727  0.00471012869725
642  1174.45072372  0.00471012869725
643  1174.45068348  0.00471012869725
644  1174.45698652  0.00471012869725
645  1174.45705725  0.00471012869725
646  1174.45920745  0.00471012869725
647  1174.45704075  0.00471012869725
648  1174.45737918  0.00471012869725
649  1174.45902918  0.00471012869725
650  1174.45663754  0.00471012869725
651  1174.45931189  0.00471012869725
652  1174.45691215  0.00471012869725
653  1174.45914552  0.00471012869725
654  1174.42669533  0.00471012869725
655  1174.45956064  0.00471012869725
656  1174.45935932  0.00471012869725
657  1174.45662646  0.00471012869725
658  1174.45688555  0.00471012869725
659  1174.45956293  0.00471012869725
660  1174.45704645  0.00471012869725
661  1174.45658018  0.00471012869725
662  1174.45046794  0.00471012869725
663  1174.45852231  0.00471012869725
664  1174.456021  0.00471012869725
665  1174.45557454  0.00471012869725
666  1174.45806805  0.00471012869725
667  1174.45556322  0.00471012869725
668  1174.4555756  0.00471012869725
669  1174.4536538  0.00471012869725
670  1174.4526803  0.00471012869725
671  1174.45596981  0.00471012869725
672  1174.45316373  0.00471012869725
673  1174.44844859  0.00471012869725
674  1174.44857521  0.00471012869725
675  1174.43927301  0.00471012869725
676  1174.45862333  0.00471012869725
677  1174.46119412  0.00471012869725
678  1174.4586928  0.00471012869725
679  1174.46132851  0.00471012869725
680  1174.4587308  0.00471012869725
681  1174.45924622  0.00471012869725
682  1174.45859285  0.00471012869725
683  1174.46149911  0.00471012869725
684  1174.4589959  0.00471012869725
685  1174.45840319  0.00471012869725
686  1174.45737581  0.00471012869725
687  1174.45745292  0.00471012869725
688  1174.45753886  0.00471012869725
689  1174.45774335  0.00471012869725
690  1174.46596234  0.00471012869725
691  1174.45785097  0.00471012869725
692  1174.45368536  0.00471012869725
693  1174.45221569  0.00471012869725
694  1174.45359962  0.00471012869725
695  1174.45246591  0.00471012869725
696  1174.45213967  0.00471012869725
697  1174.45450127  0.00471012869725
698  1174.45009573  0.00471012869725
699  1174.45070945  0.00471012869725
700  1174.44870788  0.00471012869725
701  1174.44844704  0.00471012869725
702  1174.44869259  0.00471012869725
703  1174.45073237  0.00471012869725
704  1174.41833274  0.00471012869725
705  1174.44859858  0.00471012869725
706  1174.44240745  0.00471012869725
707  1174.44847942  0.00471012869725
708  1174.44792601  0.00471012869725
709  1174.45391161  0.00471012869725
710  1174.44799171  0.00471012869725
711  1174.44874481  0.00471012869725
712  1174.45063506  0.00471012869725
713  1174.4509659  0.00471012869725
714  1174.45855402  0.00471012869725
715  1174.46090427  0.00471012869725
716  1174.45861837  0.00471012869725
717  1174.46027106  0.00471012869725
718  1174.46083442  0.00471012869725
719  1174.45642875  0.00471012869725
720  1174.45570216  0.00471012869725
721  1174.45850225  0.00471012869725
722  1174.45890693  0.00471012869725
723  1174.45873845  0.00471012869725
724  1174.45903785  0.00471012869725
725  1174.45639896  0.00471012869725
726  1174.45583814  0.00471012869725
727  1174.46632677  0.00471012869725
728  1174.45731064  0.00471012869725
729  1174.45885286  0.00471012869725
730  1174.45885246  0.00471012869725
731  1174.4587698  0.00471012869725
732  1174.44841965  0.00471012869725
733  1174.45654764  0.00471012869725
734  1174.45872894  0.00471012869725
735  1174.45656497  0.00471012869725
736  1174.45582116  0.00471012869725
737  1174.45587236  0.00471012869725
738  1174.45594966  0.00471012869725
739  1174.45670946  0.00471012869725
740  1174.45922667  0.00471012869725
741  1174.45635274  0.00471012869725
742  1174.45884707  0.00471012869725
743  1174.45914559  0.00471012869725
744  1174.45328478  0.00471012869725
745  1174.45648837  0.00471012869725
746  1174.45900522  0.00471012869725
747  1174.45444335  0.00471012869725
748  1174.46188223  0.00471012869725
749  1174.45267163  0.00471012869725
750  1174.45564044  0.00471012869725
751  1174.45392976  0.00471012869725
752  1174.45219148  0.00471012869725
753  1174.45258923  0.00471012869725
754  1174.45540825  0.00471012869725
755  1174.45310532  0.00471012869725
756  1174.45323856  0.00471012869725
757  1174.45288414  0.00471012869725
758  1174.45299084  0.00471012869725
759  1174.45289473  0.00471012869725
760  1174.45304566  0.00471012869725
761  1174.4529885  0.00471012869725
762  1174.45290341  0.00471012869725
763  1174.45357083  0.00471012869725
764  1174.44994646  0.00471012869725
765  1174.4551164  0.00471012869725
766  1174.45248877  0.00471012869725
767  1174.45288745  0.00471012869725
768  1174.45478454  0.00471012869725
769  1174.4531234  0.00471012869725
770  1174.45288524  0.00471012869725
771  1174.45515284  0.00471012869725
772  1174.45330038  0.00471012869725
773  1174.45548103  0.00471012869725
774  1174.46312491  0.00471012869725
775  1174.45513959  0.00471012869725
776  1174.45536075  0.00471012869725
777  1174.45513613  0.00471012869725
778  1174.45589607  0.00471012869725
779  1174.45289834  0.00471012869725
780  1174.45516113  0.00471012869725
781  1174.45545603  0.00471012869725
782  1174.45515347  0.00471012869725
783  1174.45552194  0.00471012869725
784  1174.45270785  0.00471012869725
785  1174.4553253  0.00471012869725
786  1174.45501105  0.00471012869725
787  1174.45550931  0.00471012869725
788  1174.452799  0.00471012869725
789  1174.4543844  0.00471012869725
790  1174.43369329  0.00471012869725
791  1174.45290811  0.00471012869725
792  1174.45321645  0.00471012869725
793  1174.45290908  0.00471012869725
794  1174.45329293  0.00471012869725
795  1174.45251215  0.00471012869725
796  1174.45261221  0.00471012869725
797  1174.45227339  0.00471012869725
798  1174.45155731  0.00471012869725
799  1174.45239209  0.00471012869725
800  1174.45501155  0.00471012869725
801  1174.45222785  0.00471012869725
802  1174.45473327  0.00471012869725
803  1174.45776173  0.00471012869725
804  1174.45225554  0.00471012869725
805  1174.45228598  0.00471012869725
806  1174.45250771  0.00471012869725
807  1174.45374736  0.00471012869725
808  1174.45335984  0.00471012869725
809  1174.45224478  0.00471012869725
810  1174.45236195  0.00471012869725
811  1174.45462415  0.00471012869725
812  1174.45250552  0.00471012869725
813  1174.45486554  0.00471012869725
814  1174.44933328  0.00471012869725
815  1174.45259514  0.00471012869725
816  1174.45480832  0.00423911582752
817  1174.45062587  0.00423911582752
818  1174.45119843  0.00423911582752
819  1174.45121896  0.00423911582752
820  1174.45149816  0.00423911582752
821  1174.44923933  0.00423911582752
822  1174.44945919  0.00423911582752
823  1174.45127237  0.00423911582752
824  1174.44850918  0.00423911582752
825  1174.44948623  0.00423911582752
826  1174.44877018  0.00423911582752
827  1174.4483105  0.00423911582752
828  1174.45149319  0.00381520424477
829  1174.44934689  0.00381520424477
830  1174.44527999  0.00381520424477
831  1174.44865419  0.00381520424477
832  1174.44888878  0.00381520424477
833  1174.4495709  0.00381520424477
834  1174.44925958  0.00343368382029
835  1174.44893102  0.00343368382029
836  1174.44877969  0.00343368382029
837  1174.45169609  0.00343368382029
838  1174.44912716  0.00343368382029
839  1174.45127671  0.00343368382029
840  1174.44881405  0.00309031543826
841  1174.44949139  0.00309031543826
842  1174.45168667  0.00309031543826
843  1174.44970828  0.00309031543826
844  1174.45201325  0.00309031543826
845  1174.45014054  0.00309031543826
846  1174.45129473  0.00278128389444
847  1174.45156516  0.00278128389444
848  1174.44977542  0.00278128389444
849  1174.44892747  0.00278128389444
850  1174.44877858  0.00278128389444
851  1174.44815919  0.00278128389444
852  1174.45860852  0.00278128389444
853  1174.44884814  0.00278128389444
854  1174.44727437  0.00278128389444
855  1174.44775276  0.00278128389444
856  1174.44751633  0.00278128389444
857  1174.44822389  0.00278128389444
858  1174.44728149  0.00278128389444
859  1174.44668925  0.00278128389444
860  1174.45023893  0.00278128389444
861  1174.44786474  0.00278128389444
862  1174.44749513  0.00278128389444
863  1174.46109336  0.00278128389444
864  1174.44744931  0.00278128389444
865  1174.44841954  0.00278128389444
866  1174.44744537  0.00278128389444
867  1174.44825384  0.00278128389444
868  1174.44997826  0.00278128389444
869  1174.44956637  0.00278128389444
870  1174.44832795  0.00250315550499
871  1174.44829906  0.00250315550499
872  1174.45191275  0.00250315550499
873  1174.44884752  0.00250315550499
874  1174.45246741  0.00250315550499
875  1174.45224012  0.00250315550499
876  1174.45286118  0.00250315550499
877  1174.45568318  0.00250315550499
878  1174.45203047  0.00250315550499
879  1174.45505781  0.00250315550499
880  1174.45222357  0.00250315550499
881  1174.45244168  0.00250315550499
882  1174.46208766  0.00250315550499
883  1174.46277629  0.00250315550499
884  1174.46976074  0.00250315550499
885  1174.47019619  0.00250315550499
886  1174.47134818  0.00250315550499
887  1174.4702775  0.00250315550499
888  1174.45964126  0.00250315550499
889  1174.46039781  0.00250315550499
890  1174.45813958  0.00250315550499
891  1174.45261808  0.00250315550499
892  1174.4585558  0.00250315550499
893  1174.44980933  0.00250315550499
894  1174.45722362  0.00250315550499
895  1174.45882849  0.00250315550499
896  1174.45886909  0.00250315550499
897  1174.44634982  0.00250315550499
898  1174.46685379  0.00250315550499
899  1174.46275265  0.00250315550499
900  1174.46329997  0.00250315550499
901  1174.46293744  0.00250315550499
902  1174.46867529  0.00250315550499
903  1174.46089846  0.00250315550499
904  1174.4623626  0.00250315550499
905  1174.46145816  0.00250315550499
906  1174.46106202  0.00250315550499
907  1174.45694782  0.00250315550499
908  1174.45782464  0.00250315550499
909  1174.45446926  0.00250315550499
910  1174.44673859  0.00250315550499
911  1174.45363226  0.00250315550499
912  1174.44787238  0.00250315550499
913  1174.45678747  0.00250315550499
914  1174.45364753  0.00250315550499
915  1174.4560971  0.00250315550499
916  1174.45680171  0.00250315550499
917  1174.4467444  0.00250315550499
918  1174.44986894  0.00250315550499
919  1174.44499202  0.00250315550499
920  1174.45342337  0.00250315550499
921  1174.45341686  0.00250315550499
922  1174.45626058  0.00250315550499
923  1174.45239824  0.00250315550499
924  1174.45328053  0.00250315550499
925  1174.4496912  0.00250315550499
926  1174.4528617  0.00250315550499
927  1174.45051993  0.00250315550499
928  1174.44991453  0.00250315550499
929  1174.45241864  0.00250315550499
930  1174.45213558  0.00250315550499
931  1174.45001893  0.00250315550499
932  1174.44598792  0.00250315550499
933  1174.45003852  0.00250315550499
934  1174.45306266  0.00250315550499
935  1174.45086854  0.00250315550499
936  1174.44219804  0.00250315550499
937  1174.44881706  0.00250315550499
938  1174.44990287  0.00250315550499
939  1174.45072493  0.00250315550499
940  1174.44017511  0.00250315550499
941  1174.45265358  0.00250315550499
942  1174.45201297  0.00250315550499
943  1174.45238508  0.00250315550499
944  1174.45488944  0.00250315550499
945  1174.45266552  0.00250315550499
946  1174.4524109  0.00250315550499
947  1174.45485756  0.00250315550499
948  1174.45261984  0.00250315550499
949  1174.44450133  0.00250315550499
950  1174.45432156  0.00250315550499
951  1174.4531954  0.00250315550499
952  1174.45238184  0.00250315550499
953  1174.44050841  0.00250315550499
954  1174.45201614  0.00250315550499
955  1174.45445575  0.00250315550499
956  1174.45164264  0.00250315550499
957  1174.44822535  0.00250315550499
958  1174.45352496  0.00250315550499
959  1174.45962799  0.00250315550499
960  1174.45670217  0.00250315550499
961  1174.46279326  0.00250315550499
962  1174.458917  0.00250315550499
963  1174.45976595  0.00250315550499
964  1174.45991093  0.00250315550499
965  1174.45989659  0.00250315550499
966  1174.46163352  0.00250315550499
967  1174.45976592  0.00250315550499
968  1174.45132834  0.00250315550499
969  1174.46438559  0.00250315550499
970  1174.4623958  0.00250315550499
971  1174.45863284  0.00250315550499
972  1174.46199623  0.00250315550499
973  1174.46036054  0.00250315550499
974  1174.46206473  0.00250315550499
975  1174.45954094  0.00250315550499
976  1174.4621712  0.00250315550499
977  1174.45631316  0.00250315550499
978  1174.4601643  0.00250315550499
979  1174.46105092  0.00250315550499
980  1174.46442716  0.00250315550499
981  1174.46564677  0.00250315550499
982  1174.4602948  0.00250315550499
983  1174.47086626  0.00250315550499
984  1174.47325622  0.00250315550499
985  1174.47342259  0.00250315550499
986  1174.47151464  0.00250315550499
987  1174.47255679  0.00250315550499
988  1174.46414407  0.00250315550499
989  1174.4630304  0.00250315550499
990  1174.46407289  0.00250315550499
991  1174.4534538  0.00250315550499
992  1174.46452953  0.00250315550499
993  1174.46213918  0.00250315550499
994  1174.46462857  0.00250315550499
995  1174.46379187  0.00250315550499
996  1174.4610243  0.00250315550499
997  1174.46293489  0.00250315550499
998  1174.46509252  0.00250315550499
999  1174.46269967  0.00250315550499
1000  1174.46420187  0.00250315550499
