48 78 68 194
95 79 26 194
70 27 53 194
68 53 85 194
20 48 84 194
57 35 22 194
22 48 74 194
53 68 93 194
26 87 77 194
20 55 80 194
75 21 52 194
96 94 86 194
57 24 55 194
30 66 25 194
67 46 23 194
71 34 58 194
84 77 99 194
69 84 91 194
94 27 95 194
90 93 39 194
61 79 56 194
21 85 62 194
27 82 71 194
70 86 79 194
99 26 50 194
53 68 96 194
43 34 92 194
66 62 49 194
60 35 64 194
72 48 27 194
24 59 38 194
83 90 45 194
25 44 33 194
71 94 57 194
40 65 58 194
45 22 46 194
78 31 20 194
52 48 26 194
75 24 23 194
65 47 72 194
51 63 98 194
34 86 77 194
86 35 35 194
77 67 73 194
82 67 81 194
57 28 52 194
83 29 41 194
22 80 21 194
52 39 79 194
30 72 25 194
46 33 90 194
26 95 50 194
34 98 96 194
40 39 86 194
21 76 69 194
26 68 59 194
30 84 77 194
38 74 91 194
84 89 60 194
93 45 24 194
20 48 34 194
52 74 32 194
36 77 77 194
23 92 82 194
40 75 76 194
37 93 34 194
87 90 98 194
80 89 45 194
53 65 36 194
82 92 98 194
57 72 93 194
41 95 39 194
71 85 67 194
25 76 80 194
61 21 27 194
80 26 86 194
30 77 59 194
42 45 30 194
25 70 61 194
60 84 23 194
24 56 87 194
67 90 72 194
57 94 69 194
76 34 25 194
66 79 87 194
84 85 25 194
69 36 91 194
49 55 80 194
67 80 35 194
21 86 33 194
39 26 84 194
68 59 78 194
92 98 83 194
92 24 74 194
68 96 99 194
58 32 84 194
88 25 48 194
68 56 49 194
29 48 23 194
91 90 31 194
84 99 34 194
31 20 90 194
73 59 25 194
89 98 54 194
20 99 61 194
68 52 36 194
42 40 73 194
22 79 88 194
74 50 81 194
45 79 67 194
34 54 60 194
54 40 27 194
43 93 38 194
79 21 51 194
73 31 92 194
91 97 56 194
56 81 42 194
53 76 34 194
54 21 84 194
39 72 75 194
46 27 80 194
95 66 46 194
78 66 31 194
35 21 79 194
35 68 45 194
60 70 53 194
85 64 36 194
70 83 47 194
85 65 73 194
48 27 68 194
86 47 23 194
57 70 31 194
25 96 40 194
55 82 30 194
42 45 39 194
94 34 33 194
20 54 27 194
96 59 69 194
74 72 56 194
57 45 75 194
82 61 95 194
93 96 47 194
74 72 37 194
79 89 31 194
25 51 73 194
63 22 55 194
28 65 44 194
66 41 44 194
33 53 67 194
23 73 28 194
68 28 93 194
23 38 88 194
75 50 78 194
63 26 63 194
70 77 72 194
70 22 71 194
67 35 46 194
80 80 93 194
82 71 27 194
39 97 78 194
27 31 84 194
37 97 36 194
96 37 45 194
85 88 57 194
29 37 35 194
54 36 42 194
21 91 82 194
20 60 67 194
53 27 42 194
71 44 97 194
57 97 20 194
38 64 60 194
81 59 65 194
87 91 30 194
27 72 66 194
84 51 29 194
95 52 59 194
45 88 80 194
92 94 47 194
31 53 63 194
57 54 47 194
21 70 21 194
28 20 34 194
93 44 51 194
71 47 92 194
82 28 96 194
91 23 46 194
24 42 83 194
25 74 32 194
84 50 62 194
23 99 53 194
58 38 30 194
23 47 60 194
64 87 48 194
54 76 70 194
29 29 41 194
47 77 95 194
87 20 26 194
72 96 71 194
38 45 73 194
66 28 36 194
55 20 66 194
35 47 73 194
26 20 38 194
68 23 82 194
71 59 60 194
68 83 32 194
64 34 50 194
23 62 24 194
71 72 41 194
86 98 67 194
61 97 80 194
27 48 74 194
93 49 56 194
89 73 30 194
70 54 39 194
60 47 99 194
34 98 92 194
89 43 26 194
39 62 94 194
48 38 64 194
51 25 52 194
81 96 93 194
42 30 75 194
99 45 78 194
44 72 33 194
36 33 60 194
76 32 76 194
25 69 24 194
87 80 91 194
46 24 66 194
81 95 47 194
56 39 24 194
92 79 20 194
36 45 99 194
79 22 53 194
23 45 80 194
41 95 85 194
46 84 74 194
64 82 26 194
79 44 77 194
73 66 63 194
70 59 67 194
40 90 24 194
20 65 64 194
89 69 64 194
39 71 94 194
77 47 82 194
24 31 65 194
77 72 47 194
44 87 57 194
94 29 84 194
21 66 74 194
90 32 91 194
91 40 33 194
36 85 64 194
61 22 53 194
86 81 70 194
53 32 44 194
78 62 77 194
40 72 58 194
98 67 39 194
36 63 46 194
96 31 49 194
33 86 47 194
32 40 84 194
40 56 95 194
34 34 70 194
69 59 70 194
40 32 69 194
39 23 93 194
31 95 48 194
98 57 53 194
77 34 93 194
72 67 27 194
43 91 69 194
80 50 61 194
37 30 27 194
99 26 46 194
31 21 78 194
70 57 98 194
62 59 70 194
64 85 56 194
89 36 66 194
68 59 42 194
85 82 80 194
82 73 42 194
20 23 75 194
96 52 77 194
88 30 25 194
38 85 83 194
62 50 40 194
87 83 97 194
20 26 43 194
85 34 40 194
48 89 58 194
27 71 40 194
65 29 61 194
91 28 55 194
96 83 67 194
91 26 47 194
65 59 40 194
74 24 53 194
58 37 65 194
43 35 45 194
97 83 47 194
88 87 88 194
52 33 34 194
26 33 45 194
79 41 68 194
73 95 41 194
72 50 71 194
82 91 97 194
50 23 77 194
33 65 65 194
68 62 35 194
88 61 60 194
95 61 61 194
65 94 39 194
21 96 86 194
40 68 35 194
96 27 22 194
84 91 28 194
90 40 74 194
67 66 72 194
88 31 51 194
30 44 44 194
29 56 71 194
64 36 76 194
74 71 28 194
89 53 89 194
67 85 42 194
53 89 56 194
80 29 27 194
52 20 77 194
44 32 89 194
25 68 96 194
64 66 35 194
66 83 36 194
94 71 43 194
31 26 75 194
49 80 55 194
99 81 44 194
99 67 75 194
72 96 74 194
68 88 47 194
26 57 50 194
75 87 51 194
30 35 76 194
86 61 31 194
20 67 66 194
68 44 30 194
81 50 66 194
42 67 74 194
89 79 51 194
29 77 46 194
56 96 29 194
27 31 92 194
58 57 69 194
49 42 20 194
94 27 73 194
72 85 77 194
45 63 96 194
89 69 87 194
94 65 29 194
81 48 56 194
80 22 34 194
98 59 52 194
69 90 26 194
38 58 66 194
81 66 92 194
37 73 28 194
91 25 37 194
56 49 64 194
80 61 34 194
61 37 85 194
21 35 41 194
32 41 89 194
25 56 54 194
90 92 31 194
50 57 21 194
68 76 50 194
40 21 72 194
76 22 46 194
71 90 55 194
96 35 65 194
98 61 52 194
99 60 96 194
34 42 43 194
25 87 64 194
21 38 32 194
91 90 29 194
80 38 90 194
69 81 26 194
69 37 88 194
77 46 36 194
51 65 59 194
96 66 44 194
59 58 96 194
71 20 30 194
92 80 24 194
80 72 43 194
83 98 77 194
21 20 98 194
73 88 53 194
64 38 75 194
57 46 72 194
65 34 80 194
99 66 60 194
34 23 22 194
25 41 41 194
61 25 65 194
47 92 53 194
22 23 51 194
88 79 85 194
90 44 84 194
23 88 93 194
32 86 70 194
43 97 91 194
40 65 60 194
60 75 77 194
78 98 29 194
92 62 24 194
85 51 46 194
98 51 76 194
31 39 66 194
59 84 61 194
58 28 79 194
80 50 28 194
88 30 51 194
32 77 34 194
72 21 66 194
43 82 53 194
89 56 87 194
51 61 98 194
74 99 24 194
70 54 41 194
69 61 68 194
44 32 42 194
76 23 25 194
80 55 60 194
71 62 99 194
69 73 55 194
80 24 23 194
50 56 54 194
24 91 44 194
33 45 84 194
89 88 58 194
28 73 96 194
21 41 85 194
64 23 37 194
88 73 63 194
99 63 64 194
70 92 77 194
74 77 42 194
59 67 98 194
33 61 90 194
98 37 95 194
45 88 44 194
78 28 67 194
80 99 93 194
38 96 74 194
27 41 53 194
97 27 93 194
45 27 46 194
45 37 53 194
92 64 55 194
80 99 43 194
77 45 43 194
34 97 87 194
53 47 36 194
57 32 43 194
55 32 87 194
74 25 91 194
90 52 93 194
64 87 61 194
23 88 22 194
53 83 26 194
46 91 65 194
53 39 45 194
81 87 93 194
75 72 43 194
45 58 44 194
47 31 52 194
82 35 33 194
76 49 46 194
76 63 50 194
58 84 54 194
23 95 65 194
88 37 78 194
53 93 79 194
83 42 45 194
48 78 25 194
86 85 59 194
57 44 53 194
61 83 59 194
29 41 30 194
25 28 94 194
75 87 72 194
83 63 37 194
76 25 88 194
85 31 32 194
94 55 65 194
21 24 20 194
36 72 24 194
23 37 27 194
36 85 38 194
39 98 29 194
89 57 47 194
91 26 90 194
92 70 90 194
60 37 41 194
20 79 63 194
63 94 84 194
62 23 62 194
41 64 71 194
86 67 74 194
29 30 42 194
76 65 60 194
30 67 70 194
50 55 28 194
47 68 42 194
32 30 68 194
23 64 40 194
28 31 94 194
52 87 99 194
53 34 29 194
88 55 24 194
73 55 97 194
87 73 49 194
76 77 82 194
79 67 84 194
29 39 28 194
24 97 59 194
22 53 78 194
59 77 30 194
83 58 92 194
90 29 63 194
31 41 61 194
98 36 85 194
69 38 62 194
68 79 70 194
22 57 73 194
40 46 90 194
80 30 51 194
60 88 27 194
31 74 38 194
66 39 37 194
27 74 24 194
69 77 63 194
41 62 35 194
34 29 78 194
76 80 71 194
34 77 95 194
90 40 54 194
69 76 80 194
79 83 87 194
59 36 95 194
92 69 26 194
31 20 32 194
45 81 68 194
70 71 40 194
28 47 95 194
96 44 99 194
28 50 35 194
55 85 68 194
22 36 22 194
24 90 22 194
33 36 62 194
64 78 34 194
39 44 80 194
77 89 80 194
70 92 95 194
29 43 75 194
24 96 59 194
37 94 91 194
66 46 84 194
30 66 93 194
91 47 80 194
22 81 41 194
92 53 39 194
80 92 39 194
45 50 36 194
34 92 41 194
83 70 79 194
46 29 27 194
63 87 65 194
41 58 81 194
54 54 63 194
73 71 57 194
89 51 23 194
62 22 94 194
83 99 98 194
95 35 95 194
21 73 45 194
34 37 63 194
22 56 57 194
96 53 39 194
44 97 23 194
23 42 56 194
72 81 90 194
52 20 96 194
24 58 90 194
52 62 59 194
74 70 62 194
65 75 54 194
47 56 91 194
32 49 89 194
52 61 30 194
34 55 53 194
32 65 24 194
66 41 31 194
86 47 35 194
25 37 96 194
52 74 26 194
27 61 37 194
50 20 79 194
61 32 55 194
91 55 33 194
94 21 71 194
61 67 68 194
88 44 79 194
88 72 98 194
96 72 31 194
73 89 56 194
96 57 67 194
84 55 71 194
33 27 99 194
71 34 74 194
61 47 96 194
35 54 42 194
69 27 48 194
22 29 93 194
34 75 86 194
46 95 71 194
84 46 96 194
75 33 87 194
78 92 81 194
22 28 22 194
52 35 64 194
68 53 46 194
98 68 64 194
72 93 43 194
48 75 99 194
21 21 39 194
94 86 36 194
90 32 50 194
25 44 92 194
38 40 36 194
93 81 97 194
42 84 66 194
82 41 31 194
31 70 80 194
53 31 43 194
22 30 53 194
50 88 63 194
73 47 49 194
99 69 48 194
52 69 25 194
42 57 75 194
75 78 34 194
92 46 59 194
24 33 94 194
77 71 73 194
22 52 35 194
87 30 31 194
37 38 52 194
87 54 45 194
85 40 22 194
94 40 90 194
89 88 56 194
94 64 76 194
60 36 64 194
28 69 57 194
96 31 83 194
93 20 98 194
20 98 33 194
57 26 65 194
44 51 24 194
55 36 90 194
41 93 41 194
41 61 21 194
71 73 80 194
64 51 84 194
25 28 64 194
43 92 75 194
31 51 28 194
31 49 25 194
97 97 25 194
87 34 97 194
35 30 79 194
39 76 51 194
93 88 28 194
87 94 52 194
39 62 45 194
60 59 48 194
36 66 38 194
94 42 24 194
24 93 91 194
74 49 78 194
53 24 23 194
62 45 92 194
69 72 45 194
26 83 73 194
90 52 78 194
60 85 93 194
37 35 62 194
69 63 71 194
48 51 76 194
39 94 50 194
86 60 88 194
66 83 93 194
89 79 42 194
46 95 47 194
32 83 24 194
68 62 83 194
86 81 81 194
72 95 25 194
45 66 84 194
68 30 59 194
60 43 61 194
21 76 34 194
28 32 85 194
21 78 72 194
90 43 38 194
42 92 71 194
58 23 84 194
78 99 33 194
28 67 36 194
67 42 29 194
53 78 74 194
42 27 93 194
87 29 37 194
42 70 82 194
70 25 64 194
34 42 98 194
73 67 86 194
60 81 87 194
33 85 23 194
68 41 46 194
53 52 99 194
51 92 50 194
99 89 93 194
21 84 79 194
48 74 52 194
87 69 57 194
95 78 85 194
42 71 87 194
20 96 77 194
70 37 83 194
30 55 57 194
44 61 79 194
70 89 73 194
27 32 48 194
42 85 39 194
64 94 20 194
77 20 74 194
67 82 65 194
47 26 46 194
46 27 56 194
58 99 57 194
99 75 57 194
86 22 44 194
97 33 24 194
55 33 30 194
29 95 42 194
54 70 77 194
37 31 52 194
54 91 36 194
26 21 20 194
33 32 42 194
23 61 84 194
78 32 99 194
91 98 47 194
79 68 83 194
77 98 94 194
44 58 66 194
96 89 34 194
82 86 67 194
78 57 60 194
28 38 97 194
98 73 52 194
94 79 23 194
36 40 98 194
75 71 23 194
20 90 23 194
59 25 34 194
21 53 86 194
51 78 86 194
44 94 60 194
34 98 56 194
40 95 65 194
74 94 48 194
56 41 73 194
73 32 93 194
45 94 58 194
80 67 28 194
85 37 30 194
68 59 50 194
93 79 27 194
27 90 51 194
97 28 47 194
97 33 99 194
56 87 84 194
72 83 89 194
57 74 68 194
71 92 88 194
37 43 51 194
24 75 49 194
85 55 68 194
83 38 94 194
28 64 30 194
77 46 73 194
71 39 55 194
24 53 25 194
55 60 48 194
88 65 37 194
76 54 66 194
25 26 81 194
78 65 39 194
24 21 52 194
66 91 21 194
93 43 30 194
57 75 39 194
41 48 37 194
80 31 40 194
24 41 89 194
24 94 64 194
31 29 45 194
28 34 28 194
41 21 57 194
55 87 34 194
69 91 47 194
62 99 53 194
28 52 30 194
52 20 74 194
63 42 79 194
74 34 77 194
22 26 54 194
26 89 45 194
48 41 44 194
35 77 91 194
31 43 98 194
48 41 89 194
81 21 96 194
83 59 90 194
40 37 92 194
66 86 68 194
55 35 79 194
48 95 78 194
98 50 64 194
88 78 53 194
24 71 97 194
33 85 41 194
79 98 27 194
61 27 71 194
50 37 21 194
55 26 67 194
96 62 60 194
96 62 68 194
47 75 91 194
63 20 63 194
35 47 30 194
78 33 87 194
49 25 53 194
43 22 97 194
64 21 56 194
40 31 50 194
94 81 82 194
41 37 70 194
88 92 74 194
72 41 87 194
81 80 95 194
37 20 84 194
98 65 76 194
38 47 90 194
37 70 84 194
80 97 56 194
91 44 27 194
32 48 60 194
54 42 80 194
91 98 38 194
64 30 43 194
64 87 59 194
30 30 89 194
85 40 50 194
81 66 92 194
47 27 29 194
81 57 75 194
23 54 37 194
93 73 51 194
95 90 68 194
45 27 83 194
89 54 51 194
62 69 79 194
46 26 52 194
26 66 96 194
23 32 80 194
88 79 76 194
46 53 41 194
66 35 78 194
20 64 59 194
90 45 95 194
41 55 44 194
69 44 39 194
23 75 58 194
72 68 54 194
74 79 60 194
52 78 48 194
59 21 61 194
76 84 36 194
46 55 98 194
96 80 68 194
57 75 39 194
32 58 62 194
64 56 37 194
87 22 56 194
57 80 29 194
33 39 45 194
60 54 53 194
50 72 68 194
78 62 27 194
27 86 57 194
35 29 28 194
21 22 33 194
24 67 51 194
84 51 22 194
21 62 70 194
92 97 92 194
91 94 94 194
79 96 53 194
52 49 26 194
23 44 47 194
69 61 24 194
87 73 98 194
60 63 57 194
90 41 64 194
69 60 27 194
77 96 78 194
24 20 92 194
28 24 47 194
96 36 84 194
39 27 80 194
23 55 83 194
65 98 72 194
70 85 76 194
46 34 85 194
38 94 96 194
62 92 90 194
90 26 87 194
91 77 73 194
95 74 74 194
97 78 43 194
87 32 48 194
22 83 57 194
70 99 70 194
35 42 97 194
70 26 93 194
52 22 47 194
76 25 25 194
83 65 22 194
20 92 22 194
67 66 49 194
20 79 65 194
72 26 49 194
73 89 56 194
60 61 63 194
59 93 26 194
27 83 36 194
92 20 80 194
61 96 63 194
76 26 52 194
38 33 47 194
27 72 43 194
25 93 46 194
40 59 74 194
21 76 55 194
79 93 66 194
70 81 93 194
60 84 23 194
80 27 59 194
20 96 26 194
90 49 93 194
21 49 89 194
58 55 28 194
62 21 49 194
42 26 97 194
86 24 96 194
34 35 47 194
80 20 44 194
71 73 56 194
50 86 88 194
75 96 58 194
31 37 85 194
30 50 75 194
76 44 42 194
34 54 32 194
44 97 25 194
36 36 81 194
98 45 43 194
