41 60 80 944
99 54 49 944
47 90 63 944
72 87 50 944
78 92 35 944
71 61 27 944
63 55 81 944
55 36 70 944
84 77 46 944
72 61 50 944
44 75 78 944
73 36 40 944
58 34 32 944
30 65 76 944
41 30 89 944
91 30 86 944
74 85 97 944
85 71 54 944
30 61 52 944
51 73 54 944
24 27 83 944
30 80 26 944
40 63 77 944
71 73 57 944
76 61 97 944
63 80 23 944
54 94 46 944
53 77 39 944
53 43 58 944
93 72 56 944
51 74 25 944
52 64 44 944
67 66 82 944
93 52 37 944
45 64 37 944
31 67 87 944
88 36 46 944
50 93 78 944
57 97 33 944
90 75 91 944
83 47 66 944
71 68 47 944
56 87 75 944
37 52 69 944
66 46 64 944
86 32 37 944
35 59 84 944
55 42 54 944
27 53 71 944
89 62 71 944
38 42 27 944
61 56 50 944
45 49 46 944
69 59 24 944
36 93 59 944
56 39 63 944
49 36 68 944
95 56 98 944
47 46 27 944
45 93 49 944
96 86 62 944
62 81 85 944
74 80 89 944
30 71 73 944
56 63 36 944
71 99 69 944
86 79 43 944
63 92 86 944
40 90 96 944
63 49 59 944
45 94 75 944
91 24 75 944
60 44 92 944
34 59 90 944
70 24 85 944
29 41 40 944
46 75 79 944
91 83 58 944
62 21 56 944
35 82 92 944
99 34 28 944
36 99 58 944
71 86 94 944
86 50 79 944
54 41 47 944
20 56 55 944
88 20 97 944
77 73 70 944
60 58 29 944
48 76 33 944
72 73 67 944
87 94 55 944
29 55 63 944
34 76 69 944
48 58 48 944
96 23 99 944
51 96 99 944
46 94 46 944
53 20 91 944
67 63 43 944
57 57 23 944
27 85 46 944
71 58 27 944
22 37 83 944
73 32 74 944
54 60 33 944
34 73 74 944
93 31 91 944
59 20 73 944
57 36 72 944
38 74 49 944
61 50 21 944
63 58 43 944
34 51 44 944
76 62 90 944
73 84 24 944
95 49 50 944
88 66 49 944
32 32 75 944
98 88 90 944
91 46 23 944
80 58 82 944
93 75 99 944
79 30 67 944
72 75 73 944
86 99 20 944
98 84 43 944
85 77 86 944
79 49 57 944
46 98 44 944
39 58 83 944
72 70 51 944
87 61 61 944
34 69 98 944
84 97 46 944
24 95 63 944
56 71 39 944
29 85 95 944
23 22 20 944
64 80 44 944
84 21 57 944
77 65 59 944
23 37 28 944
48 85 28 944
43 71 32 944
64 58 23 944
34 93 92 944
67 89 57 944
82 69 99 944
44 23 35 944
72 61 85 944
51 51 88 944
24 75 94 944
90 46 81 944
58 31 23 944
65 40 99 944
78 45 87 944
69 20 94 944
26 42 85 944
73 53 93 944
41 45 20 944
68 26 41 944
24 94 29 944
90 79 56 944
95 98 47 944
79 61 37 944
30 95 48 944
44 97 58 944
35 28 79 944
85 66 33 944
66 76 33 944
35 73 54 944
38 91 28 944
99 52 63 944
78 33 21 944
57 24 94 944
51 54 88 944
24 66 90 944
53 32 94 944
80 29 62 944
29 31 61 944
29 49 25 944
76 71 29 944
29 20 27 944
64 28 62 944
58 82 40 944
26 98 26 944
40 40 50 944
26 25 22 944
76 73 31 944
38 88 59 944
57 74 69 944
46 50 79 944
58 83 51 944
36 43 86 944
69 53 39 944
60 37 40 944
78 57 49 944
35 96 91 944
94 56 33 944
