49 88 47 4168
86 98 47 4168
37 85 32 4168
74 53 81 4168
82 58 41 4168
49 57 53 4168
93 84 34 4168
29 26 34 4168
52 27 29 4168
45 40 72 4168
71 25 89 4168
72 29 86 4168
49 67 48 4168
70 35 81 4168
39 31 71 4168
50 56 30 4168
63 55 21 4168
22 89 32 4168
35 52 45 4168
99 70 48 4168
22 53 73 4168
82 93 57 4168
90 78 81 4168
50 81 62 4168
99 55 32 4168
43 30 98 4168
22 56 20 4168
20 62 59 4168
35 25 53 4168
88 70 51 4168
89 43 24 4168
38 76 82 4168
35 63 24 4168
21 86 98 4168
44 99 86 4168
94 69 90 4168
43 31 24 4168
35 59 80 4168
75 87 84 4168
43 83 50 4168
99 31 72 4168
99 34 77 4168
85 92 45 4168
63 28 29 4168
53 20 55 4168
71 62 28 4168
24 63 35 4168
93 33 82 4168
58 96 48 4168
31 81 91 4168
