21 73 41 1954
45 60 54 1954
95 93 31 1954
81 41 83 1954
78 55 34 1954
73 92 89 1954
80 21 51 1954
98 43 59 1954
50 55 37 1954
94 37 92 1954
27 71 31 1954
51 54 62 1954
55 31 62 1954
69 28 23 1954
44 85 21 1954
38 59 63 1954
74 95 58 1954
36 41 93 1954
64 97 86 1954
72 93 34 1954
66 53 88 1954
56 70 69 1954
90 85 28 1954
45 22 35 1954
90 69 36 1954
84 76 42 1954
73 85 46 1954
94 37 28 1954
83 47 40 1954
96 68 85 1954
81 55 24 1954
85 37 42 1954
60 51 41 1954
53 80 36 1954
60 91 78 1954
33 51 71 1954
56 55 66 1954
77 28 28 1954
68 30 70 1954
76 24 42 1954
50 81 56 1954
64 93 49 1954
86 97 72 1954
65 38 83 1954
71 72 82 1954
97 44 78 1954
62 96 74 1954
83 41 76 1954
25 60 60 1954
32 38 87 1954
66 21 52 1954
80 52 82 1954
35 61 64 1954
82 43 20 1954
85 67 21 1954
44 46 42 1954
38 80 56 1954
51 73 32 1954
34 54 56 1954
82 48 38 1954
71 22 92 1954
52 77 39 1954
58 96 79 1954
76 22 95 1954
91 47 44 1954
72 46 21 1954
67 40 51 1954
44 23 37 1954
88 99 49 1954
80 62 98 1954
37 83 61 1954
91 73 58 1954
97 72 45 1954
47 54 36 1954
75 93 43 1954
70 77 54 1954
22 71 53 1954
96 36 21 1954
28 74 59 1954
64 43 44 1954
30 81 95 1954
28 76 91 1954
61 77 53 1954
41 50 66 1954
42 39 69 1954
49 32 45 1954
92 50 81 1954
38 72 86 1954
31 47 46 1954
53 21 58 1954
34 48 76 1954
82 82 69 1954
23 73 28 1954
32 28 46 1954
77 78 64 1954
90 71 61 1954
45 25 94 1954
32 34 54 1954
48 63 88 1954
78 47 74 1954
