36 65 24 238
66 36 56 238
93 95 40 238
81 96 70 238
96 77 43 238
51 54 93 238
47 59 64 238
77 89 52 238
33 58 45 238
36 95 97 238
95 85 95 238
86 48 34 238
92 29 53 238
65 39 41 238
52 61 24 238
47 24 63 238
99 70 51 238
56 70 61 238
51 61 31 238
72 61 95 238
90 89 54 238
21 87 55 238
97 89 26 238
94 50 29 238
92 66 65 238
88 95 97 238
59 80 63 238
53 66 69 238
68 98 36 238
72 52 98 238
41 86 53 238
58 37 85 238
64 41 94 238
90 65 61 238
24 85 59 238
33 92 74 238
25 55 23 238
60 95 94 238
31 23 30 238
32 96 74 238
22 43 84 238
64 86 58 238
65 58 79 238
31 59 26 238
54 95 59 238
46 88 42 238
56 72 41 238
85 50 86 238
21 86 94 238
50 71 59 238
58 40 71 238
24 82 63 238
78 91 27 238
70 22 29 238
93 45 45 238
56 78 77 238
24 80 73 238
37 51 95 238
46 34 54 238
32 83 58 238
68 71 40 238
85 45 76 238
39 40 67 238
34 58 31 238
26 40 87 238
38 57 60 238
55 53 45 238
87 84 22 238
76 89 48 238
84 86 97 238
66 50 72 238
40 28 52 238
43 75 88 238
78 89 84 238
96 56 64 238
84 29 74 238
94 31 56 238
58 60 35 238
44 95 72 238
54 44 49 238
26 60 32 238
63 40 66 238
43 60 37 238
26 88 22 238
20 99 83 238
69 58 36 238
36 61 49 238
36 37 32 238
25 57 53 238
35 42 44 238
21 75 84 238
69 32 36 238
55 73 88 238
78 62 44 238
43 52 70 238
84 53 42 238
93 92 78 238
66 38 81 238
36 75 25 238
45 99 71 238
38 77 65 238
88 42 65 238
23 70 42 238
32 89 63 238
92 54 86 238
44 22 43 238
42 91 46 238
64 65 78 238
48 89 23 238
64 46 33 238
75 31 81 238
31 98 27 238
30 20 39 238
73 20 93 238
32 68 50 238
91 92 81 238
22 76 88 238
77 95 85 238
65 69 20 238
63 67 97 238
61 60 32 238
95 63 20 238
77 72 54 238
96 38 32 238
26 82 98 238
95 52 63 238
49 87 90 238
26 97 66 238
54 95 48 238
74 37 40 238
28 36 43 238
31 54 26 238
51 97 22 238
99 52 91 238
55 81 96 238
36 51 54 238
86 55 73 238
52 55 75 238
74 96 69 238
64 84 34 238
56 57 70 238
60 26 32 238
50 36 34 238
90 80 32 238
46 41 79 238
93 41 24 238
54 76 92 238
70 25 58 238
64 34 87 238
26 34 79 238
96 81 64 238
52 52 29 238
32 35 55 238
67 47 35 238
48 84 86 238
61 81 43 238
73 96 97 238
37 74 65 238
84 93 58 238
50 60 36 238
48 61 57 238
74 66 78 238
60 75 47 238
43 25 57 238
31 48 27 238
49 82 75 238
33 77 21 238
97 70 70 238
84 91 94 238
83 89 96 238
28 34 66 238
32 81 34 238
49 43 32 238
27 45 28 238
44 26 37 238
21 66 29 238
53 88 83 238
23 33 63 238
26 33 62 238
72 28 62 238
64 97 93 238
73 94 92 238
94 28 98 238
47 68 63 238
76 43 37 238
92 38 54 238
76 59 98 238
55 44 63 238
48 61 80 238
28 92 29 238
97 35 52 238
23 65 75 238
39 52 36 238
94 72 45 238
62 61 66 238
59 39 49 238
37 86 91 238
47 47 76 238
31 87 55 238
65 46 89 238
66 45 97 238
37 24 39 238
61 78 96 238
28 37 73 238
72 27 80 238
88 97 80 238
86 45 39 238
75 53 61 238
31 92 32 238
84 57 30 238
22 94 36 238
61 32 73 238
48 21 20 238
21 79 24 238
23 84 85 238
60 48 52 238
31 47 39 238
86 32 87 238
28 74 86 238
91 35 57 238
26 55 29 238
78 38 64 238
83 82 50 238
37 75 84 238
23 77 77 238
49 36 67 238
47 21 47 238
59 77 94 238
51 80 68 238
24 87 75 238
29 75 96 238
66 55 30 238
45 91 61 238
86 95 75 238
39 95 60 238
47 92 53 238
25 22 68 238
31 36 25 238
28 25 36 238
24 83 61 238
72 99 33 238
46 92 49 238
88 64 43 238
32 50 71 238
62 26 26 238
74 34 81 238
54 51 71 238
71 66 71 238
20 76 24 238
61 88 36 238
91 28 76 238
52 84 37 238
37 89 83 238
74 85 54 238
87 41 48 238
88 56 90 238
76 23 97 238
81 82 75 238
76 63 82 238
40 70 59 238
67 56 81 238
73 71 36 238
24 69 76 238
63 61 62 238
31 94 78 238
50 44 88 238
39 33 64 238
54 97 64 238
95 38 87 238
45 98 34 238
57 58 56 238
24 41 88 238
93 86 35 238
66 56 21 238
74 82 94 238
79 45 35 238
36 61 57 238
85 65 33 238
24 87 50 238
28 39 52 238
24 94 85 238
92 92 88 238
87 78 82 238
79 72 31 238
75 96 46 238
25 36 74 238
72 51 44 238
44 35 89 238
51 28 44 238
40 62 65 238
64 88 39 238
94 62 54 238
34 60 94 238
93 26 98 238
44 65 73 238
36 44 87 238
86 85 65 238
36 73 26 238
89 65 42 238
76 96 24 238
72 57 69 238
93 53 72 238
25 60 78 238
40 99 75 238
41 52 65 238
27 55 20 238
42 65 89 238
51 94 59 238
30 89 46 238
33 42 21 238
40 26 51 238
40 43 56 238
53 32 73 238
49 70 63 238
74 43 35 238
88 93 67 238
24 86 58 238
89 95 41 238
99 60 96 238
62 40 94 238
55 57 89 238
83 20 34 238
54 43 27 238
73 51 58 238
43 55 39 238
65 28 34 238
84 90 65 238
29 33 53 238
46 42 50 238
74 51 29 238
41 58 70 238
46 22 23 238
30 42 26 238
76 75 71 238
73 90 84 238
50 46 97 238
88 23 40 238
23 22 76 238
34 56 40 238
43 97 74 238
58 26 54 238
91 73 40 238
35 57 54 238
86 58 30 238
57 63 33 238
87 66 86 238
82 47 43 238
91 95 76 238
58 25 99 238
22 51 63 238
99 79 25 238
40 99 36 238
21 26 69 238
62 95 40 238
92 37 89 238
52 78 66 238
28 37 72 238
63 90 48 238
60 94 34 238
54 54 67 238
33 58 76 238
62 38 45 238
83 25 30 238
88 78 58 238
30 21 82 238
85 31 27 238
21 34 36 238
20 36 86 238
23 44 84 238
97 65 72 238
80 83 56 238
33 33 27 238
66 28 92 238
46 56 23 238
52 80 70 238
97 81 99 238
63 87 57 238
25 94 39 238
90 55 71 238
51 89 40 238
27 35 69 238
90 59 55 238
69 58 83 238
72 32 71 238
24 74 43 238
69 28 81 238
60 97 46 238
76 62 28 238
31 82 29 238
22 78 87 238
33 72 86 238
59 40 29 238
61 80 28 238
78 45 23 238
84 89 32 238
70 85 45 238
52 39 25 238
69 46 31 238
72 94 90 238
57 51 39 238
97 47 32 238
36 51 84 238
78 79 20 238
65 58 44 238
99 59 59 238
70 21 77 238
72 59 81 238
40 90 50 238
20 83 44 238
36 52 48 238
46 30 82 238
44 24 97 238
73 98 76 238
84 35 46 238
52 71 42 238
25 59 84 238
59 86 87 238
52 23 55 238
52 28 36 238
61 92 66 238
65 90 66 238
95 22 52 238
79 67 25 238
73 83 32 238
77 74 77 238
52 69 53 238
70 54 71 238
99 55 28 238
27 90 75 238
23 98 96 238
79 60 36 238
29 85 95 238
50 43 72 238
30 74 93 238
90 87 72 238
41 73 55 238
89 51 33 238
48 91 40 238
91 54 81 238
20 82 23 238
51 96 22 238
69 98 27 238
57 81 72 238
36 87 85 238
46 33 68 238
77 71 79 238
93 99 90 238
87 32 71 238
93 89 87 238
23 76 24 238
79 32 41 238
66 71 49 238
62 74 84 238
25 78 51 238
65 61 25 238
43 68 71 238
62 49 92 238
93 58 85 238
70 29 63 238
75 79 35 238
49 28 52 238
55 73 89 238
85 38 92 238
92 72 75 238
22 61 57 238
25 32 45 238
47 56 49 238
51 26 73 238
32 49 72 238
72 87 66 238
40 93 99 238
66 22 63 238
88 90 20 238
86 50 38 238
41 59 38 238
53 35 30 238
86 29 41 238
67 52 40 238
75 43 78 238
94 43 90 238
87 81 68 238
90 87 31 238
88 28 40 238
40 57 86 238
81 28 45 238
77 32 31 238
36 96 96 238
45 85 30 238
59 20 20 238
38 40 98 238
96 57 69 238
76 26 30 238
48 87 64 238
82 79 87 238
54 57 95 238
98 86 70 238
42 80 95 238
98 34 66 238
73 45 42 238
76 40 30 238
99 31 30 238
72 35 71 238
75 92 51 238
30 64 21 238
95 28 34 238
52 64 44 238
89 88 86 238
92 24 73 238
95 48 23 238
82 37 99 238
27 57 67 238
43 24 44 238
55 23 77 238
57 83 72 238
29 89 30 238
42 94 27 238
40 46 58 238
25 90 85 238
35 57 75 238
75 36 66 238
96 93 50 238
57 43 24 238
65 23 84 238
64 51 56 238
85 57 91 238
51 62 86 238
64 65 57 238
28 61 44 238
41 81 53 238
85 75 39 238
67 98 95 238
63 32 66 238
32 75 62 238
95 45 37 238
65 31 44 238
69 45 38 238
85 99 75 238
27 74 89 238
53 69 38 238
52 96 98 238
67 71 42 238
85 54 28 238
73 42 85 238
72 51 54 238
24 58 60 238
64 77 32 238
89 69 38 238
69 35 93 238
77 91 55 238
56 55 49 238
43 84 38 238
81 59 95 238
57 89 97 238
83 30 35 238
83 34 72 238
35 70 31 238
75 45 65 238
39 52 97 238
76 26 22 238
36 55 90 238
63 60 39 238
95 89 40 238
59 68 60 238
57 45 49 238
81 32 52 238
22 49 86 238
69 65 27 238
98 26 77 238
85 42 43 238
87 26 58 238
57 29 34 238
26 26 38 238
47 47 78 238
72 99 48 238
48 42 95 238
35 88 22 238
39 84 61 238
74 65 81 238
72 60 28 238
21 99 40 238
93 47 32 238
39 20 30 238
23 77 45 238
43 55 31 238
34 51 30 238
48 94 96 238
20 71 93 238
51 33 78 238
32 64 62 238
24 92 21 238
57 48 50 238
72 66 91 238
73 61 82 238
90 38 49 238
76 62 62 238
38 28 39 238
66 74 59 238
59 73 38 238
85 48 92 238
49 81 86 238
43 47 47 238
20 45 89 238
33 77 68 238
26 80 78 238
79 83 63 238
88 41 91 238
44 52 79 238
23 35 88 238
46 66 29 238
20 90 57 238
85 73 76 238
22 59 71 238
67 22 82 238
97 91 89 238
68 80 27 238
38 37 48 238
24 88 36 238
91 23 41 238
62 64 80 238
90 93 64 238
30 76 78 238
85 67 62 238
96 31 40 238
67 56 44 238
49 95 50 238
82 47 30 238
66 76 80 238
49 56 64 238
49 70 97 238
41 83 66 238
58 54 91 238
78 32 46 238
52 60 67 238
30 63 36 238
41 48 90 238
63 94 57 238
95 47 89 238
96 35 89 238
74 22 47 238
64 48 54 238
75 63 23 238
27 86 51 238
78 56 34 238
51 39 40 238
93 61 87 238
83 74 30 238
93 89 62 238
45 96 94 238
22 52 32 238
50 21 76 238
63 76 44 238
53 25 50 238
82 63 45 238
72 83 23 238
32 50 53 238
81 39 56 238
85 47 66 238
37 32 27 238
41 27 30 238
55 46 88 238
88 94 81 238
61 42 54 238
34 48 52 238
69 97 80 238
26 45 66 238
48 60 86 238
61 51 64 238
22 33 34 238
74 95 88 238
28 29 21 238
22 91 44 238
26 27 95 238
25 88 40 238
41 95 75 238
62 54 43 238
73 66 54 238
37 30 60 238
72 61 40 238
79 84 32 238
91 99 52 238
73 98 46 238
32 52 84 238
33 20 62 238
79 62 32 238
24 35 40 238
93 58 93 238
99 23 37 238
62 90 59 238
49 56 79 238
94 69 21 238
45 23 20 238
83 25 58 238
36 48 87 238
98 91 46 238
73 58 66 238
83 98 57 238
43 47 89 238
40 79 59 238
25 48 96 238
91 85 37 238
61 95 25 238
57 84 28 238
59 62 81 238
98 48 92 238
53 57 60 238
27 66 61 238
33 78 67 238
83 40 44 238
24 39 94 238
92 30 36 238
53 92 93 238
62 44 62 238
44 48 73 238
64 79 77 238
50 22 48 238
69 91 39 238
76 70 25 238
64 68 28 238
37 56 35 238
23 61 98 238
31 39 52 238
88 73 71 238
73 75 79 238
67 54 52 238
81 39 31 238
37 48 69 238
58 81 82 238
50 78 20 238
99 62 99 238
48 69 79 238
25 22 56 238
25 85 61 238
20 76 70 238
50 99 41 238
22 93 76 238
66 92 27 238
26 62 78 238
45 27 21 238
99 61 20 238
62 22 72 238
66 83 87 238
28 91 45 238
28 95 67 238
34 85 41 238
75 39 45 238
64 35 99 238
60 78 48 238
35 58 97 238
41 83 77 238
46 59 79 238
99 67 77 238
54 59 24 238
29 56 46 238
97 73 76 238
91 99 74 238
33 64 80 238
27 31 21 238
81 55 72 238
66 47 48 238
96 96 45 238
92 70 61 238
70 90 78 238
73 78 67 238
61 94 40 238
59 48 44 238
36 22 89 238
98 66 71 238
24 25 24 238
20 50 58 238
59 37 64 238
32 77 44 238
22 40 68 238
30 94 21 238
35 79 32 238
32 39 44 238
49 92 48 238
66 38 87 238
26 28 67 238
29 71 73 238
52 55 91 238
92 54 33 238
35 61 67 238
56 82 77 238
41 66 74 238
55 22 88 238
51 97 34 238
94 60 98 238
25 84 91 238
45 52 21 238
34 60 66 238
28 64 72 238
24 22 97 238
84 50 98 238
36 90 53 238
37 71 45 238
51 43 48 238
78 41 40 238
90 57 88 238
92 90 47 238
94 52 78 238
