57 65 60 466
71 74 50 466
35 42 85 466
27 27 73 466
42 32 26 466
34 59 31 466
36 76 95 466
66 57 37 466
52 33 27 466
70 79 37 466
42 56 33 466
55 77 79 466
72 23 95 466
36 94 57 466
20 81 34 466
57 55 22 466
34 31 49 466
24 34 46 466
24 89 27 466
22 66 67 466
67 73 36 466
77 20 91 466
75 80 60 466
82 38 84 466
49 77 46 466
83 31 97 466
36 47 63 466
78 53 47 466
69 81 44 466
36 38 35 466
20 26 20 466
78 56 91 466
24 79 90 466
29 59 71 466
28 60 49 466
43 46 98 466
82 28 84 466
66 70 49 466
51 52 45 466
96 57 42 466
24 59 22 466
81 23 23 466
74 68 64 466
88 28 59 466
73 57 85 466
96 50 71 466
71 50 66 466
29 61 98 466
76 74 32 466
91 29 62 466
34 31 53 466
52 91 92 466
64 89 30 466
29 96 75 466
56 77 41 466
28 20 38 466
72 54 93 466
71 81 40 466
81 21 52 466
47 79 56 466
90 64 77 466
38 66 97 466
24 29 83 466
87 72 58 466
93 90 47 466
23 64 85 466
79 80 24 466
74 85 22 466
36 66 86 466
45 98 34 466
84 80 40 466
41 60 52 466
33 22 96 466
42 83 70 466
28 62 25 466
75 23 29 466
82 24 56 466
99 20 40 466
66 82 46 466
95 62 47 466
26 25 36 466
70 27 30 466
37 77 56 466
71 23 86 466
68 58 78 466
47 74 80 466
52 99 66 466
88 85 83 466
50 53 73 466
79 84 34 466
30 94 64 466
38 82 62 466
38 99 58 466
53 74 24 466
98 54 60 466
54 50 47 466
66 47 24 466
94 85 58 466
24 68 69 466
35 61 50 466
42 96 26 466
96 40 79 466
98 29 94 466
58 64 96 466
59 29 52 466
44 29 30 466
27 35 87 466
58 58 65 466
46 97 54 466
89 49 40 466
66 94 51 466
92 54 71 466
71 86 89 466
53 54 42 466
91 49 31 466
89 82 78 466
44 71 79 466
46 76 71 466
59 65 51 466
98 83 72 466
58 38 77 466
23 84 59 466
38 88 47 466
65 90 92 466
83 69 79 466
29 58 34 466
79 32 44 466
53 32 86 466
22 41 49 466
33 22 48 466
99 35 53 466
83 65 81 466
33 96 46 466
39 70 35 466
26 70 41 466
96 32 88 466
65 44 31 466
36 50 91 466
83 45 39 466
83 96 85 466
75 96 74 466
62 52 33 466
99 81 61 466
32 98 40 466
63 63 92 466
85 27 46 466
50 70 22 466
41 55 48 466
34 45 92 466
88 68 59 466
26 49 23 466
53 44 31 466
93 38 54 466
26 61 46 466
69 30 62 466
43 85 47 466
78 35 89 466
26 95 62 466
74 23 47 466
64 79 91 466
50 36 22 466
57 62 52 466
60 88 83 466
69 63 32 466
21 47 61 466
94 71 74 466
88 40 70 466
20 41 90 466
47 31 77 466
62 30 72 466
32 41 36 466
49 85 66 466
52 49 96 466
47 90 49 466
80 88 88 466
23 60 28 466
95 95 57 466
66 54 53 466
21 40 90 466
48 67 71 466
82 72 83 466
40 62 88 466
45 79 92 466
95 74 53 466
86 80 80 466
37 91 89 466
56 92 88 466
96 77 51 466
83 57 67 466
88 36 21 466
49 72 33 466
85 44 90 466
52 44 34 466
85 91 50 466
64 65 59 466
85 32 75 466
66 57 99 466
82 88 96 466
55 62 97 466
85 85 80 466
82 66 42 466
84 77 66 466
31 68 42 466
81 23 54 466
52 47 36 466
70 62 35 466
55 94 48 466
60 34 65 466
50 83 27 466
71 35 60 466
80 98 22 466
44 98 80 466
26 68 96 466
89 69 91 466
80 72 76 466
90 75 23 466
82 96 70 466
51 58 70 466
25 78 90 466
61 62 35 466
30 35 56 466
84 86 85 466
46 63 30 466
62 66 95 466
40 62 34 466
95 55 54 466
58 41 42 466
79 51 61 466
52 74 28 466
61 36 82 466
68 69 70 466
30 65 88 466
85 82 33 466
37 43 21 466
42 40 70 466
46 96 61 466
89 39 67 466
32 44 36 466
97 48 49 466
77 63 66 466
69 86 80 466
97 94 31 466
95 50 87 466
72 31 70 466
69 29 61 466
73 69 95 466
78 56 37 466
34 59 31 466
43 99 69 466
96 86 66 466
38 64 79 466
77 22 27 466
27 77 38 466
72 64 57 466
61 55 33 466
88 29 86 466
88 53 97 466
35 95 75 466
69 76 76 466
95 66 34 466
38 29 53 466
92 88 91 466
74 40 97 466
90 42 60 466
20 74 78 466
59 83 45 466
79 35 84 466
20 92 98 466
93 21 71 466
57 65 94 466
61 41 87 466
68 31 74 466
99 52 49 466
27 67 58 466
79 83 88 466
80 39 38 466
79 30 23 466
67 91 96 466
84 90 81 466
37 52 75 466
80 99 25 466
25 42 72 466
90 78 84 466
76 47 88 466
38 34 24 466
81 31 61 466
91 28 24 466
63 73 59 466
35 29 28 466
62 80 78 466
63 86 43 466
34 26 71 466
22 96 72 466
76 79 55 466
87 68 29 466
38 27 74 466
76 39 79 466
82 35 37 466
73 79 94 466
47 57 34 466
29 53 30 466
61 72 79 466
37 38 29 466
77 31 87 466
72 57 45 466
82 78 89 466
58 65 53 466
48 54 27 466
35 20 75 466
51 34 74 466
94 27 29 466
29 83 38 466
42 94 93 466
26 20 86 466
65 52 51 466
38 21 70 466
74 63 75 466
27 77 94 466
52 76 77 466
47 83 75 466
82 82 79 466
91 52 43 466
20 99 21 466
51 22 72 466
78 29 51 466
71 21 67 466
52 68 88 466
30 96 60 466
73 20 78 466
87 37 43 466
36 90 34 466
60 97 57 466
21 51 83 466
73 62 99 466
69 34 49 466
22 89 84 466
97 82 30 466
81 74 39 466
30 40 59 466
85 55 82 466
79 27 52 466
85 87 58 466
55 70 37 466
88 53 27 466
39 48 46 466
62 94 54 466
55 62 59 466
24 70 64 466
53 32 73 466
83 57 55 466
68 80 62 466
84 37 32 466
83 81 69 466
55 72 62 466
30 47 22 466
95 51 48 466
28 64 65 466
74 55 90 466
48 37 93 466
45 69 48 466
69 61 72 466
54 39 73 466
28 62 28 466
70 96 65 466
97 90 66 466
39 46 52 466
43 90 45 466
89 26 76 466
89 42 33 466
37 85 33 466
22 84 69 466
26 71 38 466
77 31 94 466
37 37 91 466
76 40 69 466
80 53 72 466
35 35 71 466
82 22 85 466
56 24 53 466
77 28 67 466
97 33 64 466
83 60 68 466
38 86 21 466
57 93 87 466
66 85 91 466
78 40 51 466
26 22 41 466
97 93 59 466
58 39 78 466
98 32 24 466
53 83 55 466
49 70 65 466
47 62 88 466
58 51 44 466
46 73 39 466
41 36 41 466
61 71 23 466
36 68 96 466
81 26 62 466
84 79 45 466
