59 31 69 312
87 93 65 312
56 39 51 312
65 73 32 312
77 40 89 312
27 38 75 312
59 60 86 312
23 49 80 312
37 70 50 312
85 57 81 312
30 55 80 312
83 56 35 312
89 37 66 312
73 45 75 312
87 51 59 312
90 65 92 312
81 36 90 312
79 55 98 312
96 93 53 312
92 66 26 312
36 24 39 312
21 82 45 312
62 98 63 312
51 95 70 312
85 26 33 312
79 84 83 312
85 29 59 312
78 63 64 312
51 65 52 312
63 69 65 312
95 34 92 312
48 78 29 312
53 84 26 312
42 99 64 312
36 50 79 312
33 90 71 312
92 87 88 312
65 40 94 312
44 51 79 312
24 98 41 312
42 40 94 312
81 37 78 312
40 99 78 312
90 80 93 312
72 31 83 312
96 47 69 312
55 97 54 312
42 48 45 312
93 39 37 312
44 31 59 312
28 96 23 312
22 82 42 312
50 68 87 312
25 47 52 312
38 81 67 312
35 34 84 312
26 58 91 312
95 56 49 312
32 68 77 312
62 47 63 312
70 78 40 312
71 48 31 312
47 67 88 312
24 32 86 312
46 21 77 312
40 88 82 312
67 83 67 312
99 27 23 312
52 47 44 312
26 92 71 312
45 96 26 312
86 24 50 312
74 38 27 312
94 59 60 312
24 75 31 312
34 59 71 312
59 32 76 312
96 30 38 312
90 75 47 312
55 72 68 312
94 21 52 312
34 77 70 312
34 38 56 312
64 71 80 312
79 86 97 312
94 84 79 312
52 82 63 312
95 47 63 312
64 68 93 312
32 60 95 312
40 53 40 312
45 88 91 312
20 98 56 312
54 62 97 312
73 77 23 312
57 65 51 312
35 79 75 312
45 42 84 312
50 69 59 312
84 72 58 312
80 43 48 312
66 61 67 312
60 45 66 312
30 96 23 312
96 76 69 312
89 88 90 312
42 45 63 312
71 69 92 312
94 84 71 312
53 85 72 312
46 93 64 312
93 68 30 312
49 74 52 312
62 77 78 312
45 44 35 312
38 79 72 312
54 27 98 312
80 76 75 312
85 67 64 312
34 68 52 312
66 68 67 312
93 62 26 312
24 45 89 312
71 85 96 312
71 22 82 312
41 58 66 312
89 30 53 312
97 27 80 312
47 78 32 312
38 83 98 312
92 85 68 312
46 61 94 312
94 39 96 312
20 56 62 312
51 72 53 312
91 85 83 312
89 38 90 312
95 41 65 312
59 98 75 312
37 42 25 312
45 40 66 312
29 65 40 312
93 36 22 312
39 32 22 312
34 82 49 312
74 43 47 312
73 93 21 312
67 36 47 312
37 62 84 312
58 36 68 312
54 63 80 312
40 44 95 312
60 55 57 312
98 88 62 312
44 88 75 312
56 52 58 312
92 56 65 312
44 49 64 312
43 65 78 312
44 76 75 312
79 30 40 312
62 33 55 312
29 95 90 312
94 53 46 312
57 64 88 312
29 72 68 312
95 92 62 312
57 35 51 312
33 79 36 312
59 88 47 312
54 73 95 312
56 21 40 312
20 71 57 312
50 78 98 312
36 26 29 312
65 56 89 312
60 25 71 312
68 99 22 312
34 54 73 312
21 66 31 312
55 60 85 312
89 88 22 312
32 66 28 312
62 52 91 312
44 71 91 312
92 39 53 312
49 81 27 312
44 63 70 312
64 20 82 312
58 46 69 312
74 35 63 312
53 79 62 312
94 43 94 312
64 46 79 312
98 47 88 312
96 61 38 312
29 33 37 312
89 58 49 312
28 85 89 312
53 87 50 312
51 85 64 312
41 35 64 312
39 92 38 312
76 35 70 312
31 94 54 312
49 39 34 312
47 93 65 312
56 73 67 312
75 75 65 312
23 81 47 312
21 83 44 312
38 23 22 312
88 79 97 312
40 35 77 312
66 40 64 312
47 54 21 312
60 49 52 312
21 24 30 312
98 85 84 312
31 67 94 312
29 21 64 312
64 30 47 312
36 62 98 312
88 80 38 312
25 65 80 312
74 72 22 312
37 80 43 312
64 33 82 312
22 71 34 312
51 89 33 312
53 47 33 312
91 60 62 312
27 82 90 312
85 20 62 312
42 40 29 312
93 96 80 312
74 24 55 312
53 40 36 312
26 72 78 312
87 62 48 312
45 52 76 312
63 49 53 312
93 96 74 312
52 30 63 312
36 22 50 312
36 49 20 312
71 46 89 312
56 64 40 312
24 96 98 312
91 85 98 312
27 48 99 312
45 44 32 312
81 87 55 312
90 60 72 312
83 64 20 312
98 92 46 312
59 76 72 312
87 58 25 312
20 46 62 312
90 61 95 312
32 77 75 312
40 82 47 312
24 23 68 312
69 30 33 312
87 35 61 312
27 41 88 312
44 57 79 312
38 72 33 312
81 49 72 312
43 94 68 312
64 23 80 312
90 68 59 312
91 31 84 312
88 31 52 312
22 24 77 312
57 50 22 312
87 58 86 312
57 63 57 312
26 30 33 312
20 78 98 312
45 50 63 312
41 76 63 312
88 30 52 312
81 85 55 312
22 71 35 312
51 37 77 312
36 35 49 312
78 94 67 312
65 87 51 312
20 32 84 312
75 39 30 312
41 77 87 312
54 79 77 312
68 64 25 312
31 88 45 312
66 57 23 312
96 52 71 312
56 76 71 312
24 42 56 312
69 86 37 312
80 38 51 312
95 85 93 312
94 39 68 312
46 85 49 312
67 42 53 312
46 88 57 312
60 55 68 312
98 96 55 312
93 74 72 312
83 25 54 312
56 54 38 312
79 58 45 312
38 98 24 312
91 72 48 312
22 74 98 312
57 59 63 312
58 96 33 312
24 68 42 312
98 53 85 312
57 98 97 312
87 64 28 312
75 21 34 312
84 37 38 312
91 60 88 312
70 74 34 312
66 32 41 312
23 77 88 312
75 90 29 312
84 65 98 312
86 91 73 312
59 88 22 312
36 55 40 312
99 99 38 312
92 40 45 312
32 82 68 312
78 47 45 312
49 95 42 312
78 70 95 312
44 59 57 312
59 36 78 312
82 31 53 312
45 26 57 312
45 97 98 312
54 50 69 312
32 75 88 312
45 20 82 312
48 96 57 312
79 75 36 312
72 62 28 312
85 38 27 312
91 81 93 312
30 69 51 312
24 33 49 312
90 55 95 312
61 53 35 312
90 39 61 312
59 25 89 312
95 93 77 312
43 52 97 312
78 44 79 312
47 38 27 312
35 49 58 312
47 46 34 312
65 87 70 312
38 98 44 312
79 51 78 312
82 54 29 312
87 45 93 312
48 28 97 312
34 70 34 312
81 62 88 312
80 57 40 312
33 23 23 312
67 31 60 312
52 75 98 312
52 49 55 312
55 59 28 312
59 46 32 312
50 46 54 312
49 46 34 312
75 78 64 312
21 54 76 312
41 35 51 312
57 98 86 312
64 39 44 312
75 97 72 312
98 66 32 312
36 74 50 312
49 73 43 312
70 52 47 312
89 56 20 312
54 43 25 312
76 31 94 312
42 25 21 312
82 58 43 312
86 98 28 312
53 65 33 312
35 36 94 312
96 93 92 312
20 76 74 312
29 43 52 312
56 52 31 312
56 29 31 312
29 92 95 312
41 61 92 312
83 51 92 312
43 32 83 312
37 84 31 312
70 76 49 312
66 49 71 312
25 30 21 312
89 51 54 312
81 59 73 312
69 81 25 312
73 88 68 312
71 21 38 312
44 94 42 312
76 95 56 312
61 25 26 312
67 81 99 312
84 69 54 312
37 48 28 312
43 38 93 312
64 20 54 312
56 40 22 312
71 49 22 312
63 38 43 312
48 51 68 312
60 28 82 312
86 84 39 312
37 69 43 312
82 22 83 312
35 57 95 312
43 93 49 312
59 35 71 312
94 42 49 312
51 30 32 312
71 82 54 312
60 92 95 312
70 21 41 312
25 43 96 312
44 24 82 312
31 28 97 312
68 36 59 312
84 66 68 312
97 51 46 312
54 90 77 312
83 90 46 312
56 67 54 312
88 28 43 312
44 38 76 312
36 24 93 312
80 73 36 312
85 94 96 312
94 24 88 312
71 34 99 312
62 77 97 312
86 20 58 312
83 46 62 312
43 40 76 312
39 94 74 312
98 98 22 312
46 73 55 312
44 90 98 312
63 50 96 312
87 27 37 312
72 61 46 312
94 76 89 312
60 85 29 312
60 90 68 312
84 60 52 312
35 66 32 312
93 20 72 312
87 81 29 312
99 54 39 312
30 63 60 312
82 78 60 312
36 23 87 312
46 23 88 312
42 78 27 312
63 48 62 312
60 86 78 312
74 84 99 312
84 90 90 312
50 50 68 312
69 74 23 312
62 28 65 312
56 49 27 312
27 90 73 312
99 62 44 312
72 95 97 312
51 59 31 312
67 99 21 312
83 39 23 312
87 38 29 312
30 65 52 312
60 66 66 312
25 92 22 312
26 39 48 312
43 65 99 312
32 79 49 312
29 68 99 312
62 43 29 312
23 86 49 312
30 84 52 312
78 39 21 312
30 22 50 312
83 94 39 312
54 76 29 312
27 73 31 312
43 26 99 312
71 76 72 312
61 34 76 312
34 24 44 312
67 96 74 312
93 84 24 312
52 43 31 312
79 31 45 312
86 28 84 312
46 45 91 312
74 74 91 312
27 74 24 312
61 69 79 312
68 25 41 312
26 56 47 312
39 98 70 312
92 22 87 312
69 40 68 312
87 85 32 312
59 90 80 312
62 44 72 312
32 84 43 312
91 55 71 312
39 79 46 312
24 20 37 312
78 94 55 312
55 69 31 312
29 70 21 312
94 88 31 312
63 77 56 312
76 55 52 312
82 70 20 312
26 63 24 312
54 64 99 312
63 52 77 312
39 30 66 312
68 38 46 312
91 34 65 312
83 49 35 312
96 25 46 312
36 22 77 312
21 67 47 312
72 58 66 312
57 38 91 312
75 76 21 312
42 93 54 312
25 72 53 312
71 60 79 312
56 71 83 312
60 76 95 312
28 87 23 312
43 50 96 312
95 89 99 312
56 48 78 312
73 57 60 312
70 21 83 312
76 37 26 312
52 21 47 312
85 35 22 312
65 90 42 312
30 90 73 312
93 26 89 312
32 91 44 312
20 58 96 312
39 98 69 312
20 55 38 312
81 36 29 312
88 20 75 312
72 65 59 312
92 79 99 312
75 95 75 312
36 22 38 312
34 21 72 312
74 62 51 312
97 55 76 312
56 77 48 312
31 31 63 312
49 85 35 312
76 64 34 312
50 52 94 312
88 83 91 312
95 40 97 312
85 20 34 312
83 81 49 312
57 58 92 312
32 98 38 312
22 82 58 312
53 34 45 312
71 41 86 312
22 87 85 312
