eiEsteita001.bmp              300       200       10             15             41             15             0              15             170            170
eiEsteita002.bmp              300       200       14             15             30             15             0              15             170            170
eiEsteita003.bmp              300       200       20             15             16             15             0              15             170            170
eiEsteita004.bmp              450       300       22             15             84             15             15             47             255            255
eiEsteita005.bmp              600       400       55             15             151            15             31             93             340            340
eiEsteita006.bmp              750       500       87             15             517            15             46             171            425            425
eiEsteita007.bmp              900       600       475            15             487            15             78             249            510            510
eiEsteita008.bmp              1050      700       550            15             1206           15             203            562            595            595
eiEsteita009.bmp              1200      800       862            15             1104           15             328            640            680            680
eiEsteita0010.bmp             1350      900       642            15             4619           15             421            998            765            765
