3204.23041733
3203.07486668
3202.34366554
3200.22641117
3199.81992285
3199.68258592
3199.15886446
3198.29221147
3197.98999298
3197.40221116
3197.06639813
3195.33299625
3194.37219613
3194.18038531
3193.68990416
3193.05218471
3191.53855009
3190.34917553
3187.83683312
3187.31287878
3187.18156412
3186.26147749
3185.50326873
3183.44385376
3182.91829265
3182.23911841
3181.57338177
3181.28851355
3180.75849837
3179.51875723
3179.02102448
3178.57105812
3178.48772411
3178.36973815
3178.34845757
3178.51346426
3178.38689112
3177.56550866
3177.44320352
3178.11601205
3176.57312305
3176.55525261
3176.33641627
3176.21770896
3175.96850476
3174.91919456
3174.90882374
3174.9707401
3174.86391607
3174.55500382
3174.54527909
3174.43301114
3174.36129789
3173.68538321
3173.83723174
3174.28867219
3174.14563295
